-1.17481
0.885123
3.51797
-1.93343
-2.41108
0.747061
2.01729
3.02457
0.79475
-1.32051
-0.233996
1.44219
1.31502
0.233289
-1.17155
0.991488
2.18319
-0.731011
2.29865
-0.9949
0.624472
0.06291
-1.59178
-0.0789366
1.80183
2.1125
1.43744
-3.28735
3.65153
-1.27079
3.60852
2.18485
1.49128
-1.45713
-0.24727
2.95001
-0.0187979
1.36702
-0.486404
2.32744
-0.867616
-0.115734
-0.421358
-0.794599
0.522362
-2.71224
-0.789913
-2.46412
-0.404394
-1.62266
-1.03849
-0.325364
1.84002
-0.434329
0.45112
1.78914
6.25251
0.119416
4.66042
1.57208
1.14032
1.5692
1.33166
-1.5739
1.15235
1.31357
2.38081
1.12674
-2.17388
-1.36369
1.92818
-0.45917
-0.422734
0.4953
-0.702769
0.161401
0.634542
0.891732
0.322563
-1.18903
2.77569
1.53862
3.08178
0.467242
2.15198
0.55208
2.4586
3.34075
1.5911
2.96063
0.760547
2.64117
2.85633
-1.7839
2.23164
1.40968
0.177057
-1.11106
3.01023
0.458488
0.109529
-0.191803
-0.71629
-1.44845
1.82142
4.98401
1.92485
1.00164
1.63185
-1.0269
1.13394
0.482675
3.11315
-0.938034
1.85865
4.13565
0.662423
1.41726
1.29414
-2.0854
-0.909087
2.03181
2.53493
-1.08409
2.40451
0.869951
0.828568
-1.07086
3.21193
0.0314855
0.83874
0.0298667
-1.55823
1.30359
-0.768342
-0.703039
1.78457
2.56171
0.357261
1.32693
1.30586
-0.0230402
0.90225
-0.0559914
1.73949
3.72585
2.02899
0.629328
-0.658055
0.951352
-0.573849
-0.017692
-0.638498
1.27153
-0.60908
1.05208
-0.131539
-2.79914
0.594377
-0.6026
2.98617
4.75888
0.803726
-0.447755
2.5368
4.38158
-1.22281
-0.073447
1.96385
-0.473912
1.59102
1.14278
-1.1588
-1.56384
1.86233
-0.564232
-0.791894
0.0822123
-1.4417
-0.581777
1.61062
1.768
0.43955
1.42984
-0.37099
0.475875
-0.570434
-1.88844
0.45026
2.73612
-1.26141
-0.460872
-0.920219
0.120637
-1.40459
0.263305
2.52657
0.748335
-0.783941
-0.0444543
-1.64775
-0.574827
-3.52614
2.08179
-2.25533
-0.457172
1.0707
-0.521496
-0.465852
0.995806
-1.87996
-1.19367
-0.854214
0.652838
-1.58337
-1.76492
1.40245
-0.333433
-2.65173
-2.94063
0.364863
-1.68672
-1.36268
-1.68995
-0.446522
1.93029
-2.20851
-2.01419
-0.537474
-2.71218
1.00428
-0.314846
0.218954
-1.37674
3.05095
-1.41342
-2.78796
3.51417
-0.198233
0.577922
-1.02781
-0.326433
-1.02584
-0.386889
2.37005
1.84322
-2.14869
2.20601
-0.97919
-2.15284
-1.82214
-1.17102
1.4808
-2.042
3.46189
1.78362
0.872727
-2.58268
-3.67373
1.42461
-1.62994
-0.998025
-1.3543
-2.50857
0.25419
0.0167924
1.50688
2.13031
0.586459
-2.14099
0.0541332
1.80379
-0.209782
2.55906
-1.90166
-2.04727
-2.17757
-3.19792
-1.7252
1.10239
-1.45993
-4.13642
0.624431
0.492728
2.1493
-1.89485
0.163524
0.806177
-2.7086
-1.7075
-0.25264
-1.71415
-1.77172
-1.9566
1.50374
-0.362142
-0.463351
-2.16402
1.74962
-2.17503
-0.159166
-1.8328
-0.369705
-0.854627
-2.89351
0.199465
2.7866
-3.68176
1.59203
-2.99597
0.512183
-0.863497
-0.228299
-1.13334
-0.0730917
-0.583241
-1.87866
-2.07894
-2.95001
-1.15908
-3.93146
0.210217
-0.514099
0.481858
-0.66441
0.102996
-0.219441
-1.08873
-1.60014
-0.0134224
0.180754
0.194655
0.95534
0.208667
-1.2787
1.85063
-1.52499
-1.45295
-2.25801
-1.1359
-2.13506
0.447174
1.33354
1.64235
-1.33435
0.0149108
-2.22901
-1.58892
-1.97603
-0.281991
3.7617
-0.0934698
0.111247
-5.21024
-0.565162
0.200434
-4.46415
1.66338
-0.0991371
0.889041
-1.64488
1.37665
1.05928
-1.37959
-0.619395
1.51534
1.84908
-1.00582
1.69429
0.538524
-0.330051
2.56777
2.31622
1.02866
2.90222
-1.08033
-0.753682
0.239606
0.93143
2.47001
1.10382
0.388403
-0.186274
-0.331101
0.766538
-1.22848
2.19646
0.601539
-0.537791
0.89527
-2.26216
0.216668
0.0530991
2.40067
2.41879
-3.09548
0.741111
-1.99445
-3.56745
0.378461
0.122766
-0.528383
-0.496195
-0.690777
-0.284567
1.79401
2.29417
-2.16432
0.543169
2.65062
0.0153399
0.485565
0.462118
1.5171
-0.39968
3.40022
0.747376
0.775941
2.72773
0.645535
2.42037
0.0424103
-0.445437
-1.57671
-3.06555
-1.64621
-1.19717
-1.91738
-0.221261
3.37417
-1.99814
-0.440421
-3.11062
1.04412
-1.84211
0.631123
1.20023
3.73851
0.367021
2.68803
-1.8967
2.28216
1.05948
0.369108
3.13432
-0.907941
0.837758
3.19461
-1.78412
-0.14226
1.74257
1.18553
-0.848763
-2.50507
-0.633999
-0.310164
-3.64038
-3.49189
-1.81347
2.90476
0.814846
-0.440947
-0.960309
-2.23578
-2.65183
-1.98299
1.97098
0.717171
0.239209
-1.82786
0.769838
0.905297
-3.18426
-0.175034
-0.871136
2.2553
2.78973
-0.569885
1.89791
2.01581
-0.674506
0.848226
0.89381
-2.2287
-0.0044984
-2.77299
-1.89824
0.00728914
0.326312
1.79991
1.37253
-0.88687
2.50584
0.443741
-2.79053
0.0127532
-1.72066
2.66057
0.186083
1.89249
-2.65551
0.942653
0.699014
1.58652
-0.856724
-1.52956
-1.8451
-0.841059
-0.898046
2.82083
1.22273
0.995335
0.37718
-0.568061
-0.999762
-0.128317
0.433481
0.145155
0.509526
1.09272
0.565854
-2.1948
-1.38135
0.263874
-0.225525
-2.93715
1.1975
0.371437
-0.830257
3.34578
-4.71956
0.0729593
-3.51401
0.598715
-1.1543
-1.02646
-1.52985
-2.43267
1.27064
1.72964
-5.29773
1.43618
0.836243
-0.694807
-1.52464
0.171426
-1.44145
0.331295
-0.66197
-0.913183
2.68814
-1.77172
0.538731
2.89491
1.1816
-2.17187
0.996305
-0.323987
-0.583913
-1.658
-0.752034
-2.50866
-0.605521
-0.309753
-1.25186
-1.00248
-2.1863
-2.12901
-0.0433791
1.94428
0.670618
1.52473
1.85611
-0.292876
-0.28442
2.57446
1.08724
1.36759
-0.116662
0.56163
-1.10316
-1.53782
-0.224863
-0.633121
-2.04638
-1.12314
-1.48409
1.18326
-1.82546
-1.72523
-0.773614
-1.14957
-2.89315
-2.5002
1.47706
-0.385558
1.56613
2.8797
0.556983
0.599337
2.92614
0.0496468
0.975468
0.21619
-2.52525
0.81342
-1.93029
-2.92329
-0.625317
0.263309
-1.19298
0.983149
-0.788463
-1.75462
-2.7698
0.138598
-1.69306
1.1706
0.676517
-4.27758
0.350077
1.72135
1.52486
-0.459957
-1.53772
0.603271
1.43062
0.780743
-0.302631
4.27573
2.14805
0.556221
-0.0188793
1.51421
-2.36995
1.11946
2.48492
-2.69837
0.0333172
0.622282
-1.77325
-1.71412
-2.01954
-2.30363
1.08688
-0.559844
-1.03715
2.92085
2.82014
3.63375
-0.567462
-0.120769
-1.71172
-0.110889
-0.0136984
1.90752
-2.07981
2.18002
-1.72442
-3.07806
-1.83786
0.357311
-1.47038
0.509095
-1.35381
-0.974938
0.422482
2.17057
-0.51244
-0.0520774
-2.00869
1.21372
1.29744
1.76718
-3.9268
0.477219
1.31692
3.0385
2.25724
2.34475
1.90149
0.999246
-0.054128
0.630891
1.12061
1.60356
5.22208
1.42037
0.63817
1.81234
0.963338
2.77318
-1.67458
2.86397
-0.645256
1.84541
-1.66199
0.623691
-1.30168
-0.463672
2.79262
1.73464
1.4121
0.106208
-0.229181
2.38071
-0.574642
0.511513
2.33063
2.25047
1.77127
1.36349
3.35513
5.23728
5.67423
0.833418
1.59613
3.39384
2.01833
3.46238
-0.55137
1.9505
0.234959
-0.404029
-2.13888
1.47485
1.84352
-0.553289
0.817684
1.88157
0.949578
2.36113
-0.0931226
3.13834
1.36479
1.57822
0.92329
2.68261
-2.26759
-0.286663
3.0129
1.62805
-2.03589
1.16202
3.02418
0.175147
0.476951
2.71277
0.0550667
-1.44064
3.30656
-3.03808
-1.48855
-4.06424
-0.114905
-2.66217
0.280033
1.08745
1.48934
1.1185
1.26477
0.304054
1.28408
2.10456
1.34584
1.08208
-1.03581
0.231298
-1.3154
1.02122
-1.3351
-0.159359
-1.12144
1.98498
-2.12456
-4.13899
2.23095
0.235386
0.78979
0.136138
3.12834
-2.21951
-0.351454
-1.08524
-3.78536
-1.83982
-2.09076
2.47557
1.59172
1.44103
-1.4444
0.416981
-1.27301
-1.18701
1.19542
-0.549928
1.62883
1.00026
0.885253
-1.04678
-2.93434
1.07256
-1.07043
-2.74631
3.36012
-0.0449125
2.55058
0.207447
-1.72077
1.69753
0.555413
-1.67558
3.01385
-3.01905
0.492802
-0.840995
0.94816
-1.30957
-1.4595
-0.354507
-1.0537
0.532287
-1.28587
0.909163
-2.21255
-1.46105
0.0307859
0.476018
1.08525
-0.408245
-1.73619
2.53672
-0.551188
-1.98147
-3.34066
0.334699
-1.30813
-1.73361
-3.60303
-3.5756
-1.2876
-0.457309
2.33139
-2.31225
-0.685141
1.29996
-1.8647
-0.923725
1.27387
-0.70454
-0.875972
-3.66843
-2.81546
0.679549
0.770208
-1.19094
2.63586
-1.28816
-0.809473
-2.86921
-2.3041
-3.01944
1.97648
-2.41586
-0.503488
-0.712496
-2.16049
-3.13547
-0.79803
-1.4217
-1.17226
-3.41051
-0.931466
0.245911
-0.252166
0.735637
3.49687
-0.187027
-2.65582
-2.7562
0.873748
0.380115
-0.469783
-0.728308
0.0137484
0.945363
-0.874791
-5.36262
-4.75252
-3.65148
-5.40236
-1.13937
2.01886
-0.0334032
-2.66125
1.74689
1.04676
-3.14219
-2.43612
0.866364
-3.87746
2.91683
0.321776
0.12244
1.29058
-1.04864
2.21985
-1.95424
-3.05514
-0.573278
-3.24728
1.75834
-0.200363
-1.85002
-2.055
-4.45179
-1.41881
-1.53254
-3.82532
-0.273091
0.660818
2.79153
-1.76295
1.24098
-0.190952
-2.89339
-0.138228
1.30161
0.891205
0.0384622
-0.356674
-2.19357
1.15871
-1.91421
-2.56827
-1.09993
-6.01462
-2.36923
-1.92657
-2.63044
-0.461838
-1.67915
-0.301392
0.0755662
0.871582
-3.64667
-1.25849
-0.300283
-0.907664
-0.2174
-0.273034
0.514034
1.27023
-1.86964
0.249289
-1.14953
-1.8816
0.935523
-2.31798
-1.8965
0.17565
-0.0768851
-3.65685
-1.8305
-1.35233
1.05199
-0.842812
-3.66465
-1.40845
-1.18091
-2.68042
1.5608
-0.318491
-3.60205
1.74496
-0.239477
0.757097
-2.36394
-3.28266
0.747947
1.92304
-1.37592
-1.8738
-1.059
0.87638
0.711054
0.175975
-1.19697
-0.73032
-2.36627
1.62102
-0.782459
-0.83553
-2.21507
-1.14891
-2.60381
-1.35831
-0.319069
1.93435
-1.55826
0.543025
-2.40099
1.4172
2.45525
-0.620719
2.00748
0.218972
-0.333562
-0.218009
3.72235
0.644051
2.19049
-0.2348
2.46567
2.41577
1.74519
-0.251307
-0.799158
0.885067
2.08209
0.308676
0.680407
-1.71335
-1.93117
-0.944062
-0.686001
-0.653677
1.1988
3.58312
1.87184
-0.547868
-0.206704
3.41509
-0.900618
-0.177264
-0.116793
1.69393
1.69443
-1.29894
-3.03269
-1.466
0.514289
1.21687
0.38341
0.649061
1.24147
1.86881
0.891066
-0.141423
-0.553099
2.75872
1.71962
0.36565
0.663056
1.21074
0.710241
2.47107
0.0102963
-1.64188
1.03499
1.30481
0.464029
1.15485
1.53092
-2.5722
1.47265
-0.205744
1.8777
-0.079357
3.95793
-2.72901
-0.0742675
-0.187485
2.09625
-0.934957
1.98562
-0.434769
-0.749064
-2.47288
0.0716267
0.0235403
1.20905
6.8587
0.950777
0.629926
2.06662
2.08123
1.14374
-0.678881
0.870948
2.66898
2.06225
1.09694
-0.780089
2.24182
0.927795
0.887652
-1.9057
0.255637
-2.47524
4.24901
0.295358
1.85352
-0.699555
0.403471
1.83997
0.141921
0.923371
2.38232
2.11177
2.61293
1.41613
0.817981
0.321933
1.48439
-0.261433
0.580895
3.52673
1.13214
2.0478
-1.34424
-2.09257
0.083212
-1.3381
0.155904
1.68886
3.34
0.355097
-2.92542
-3.00536
2.55487
-2.44509
3.40744
-0.288532
0.176371
1.62167
0.124976
5.13469
-1.16511
0.660567
1.09678
0.104
2.24574
0.268613
2.23728
0.351094
-3.37686
0.786997
-0.684052
-0.853264
1.50316
2.19556
0.462521
1.18114
-0.529344
0.281596
2.84916
-1.27776
2.71866
-2.8854
-0.172748
3.27212
-1.24263
3.12674
1.10404
2.74135
0.254773
1.0942
-1.7676
-0.33247
1.8722
-1.9931
-1.17676
-1.18967
-0.0938094
-1.72284
-1.14914
0.0712556
-1.14383
0.0408077
-1.15286
2.64927
-0.510307
2.15915
-0.420205
-1.55435
0.958919
-2.83053
2.18034
1.42829
-0.941145
2.49346
0.0889749
1.39364
2.84227
-1.26152
-2.59647
-0.106008
-0.434685
-1.39016
-3.42523
0.19605
-3.76609
0.777109
0.199379
-3.03478
1.79388
-0.382101
1.1189
-1.40536
-2.10245
1.4004
-2.51771
-0.269375
0.696944
2.71139
-0.42009
-2.57495
-0.0918976
-1.62292
-2.69129
-4.03429
-1.6794
-1.98537
-0.483216
0.559779
-1.87271
-0.0922506
-0.216069
2.34443
-0.148812
1.81096
-1.38728
2.56307
0.405898
-1.02143
-1.05087
-1.86352
1.67565
-5.07711
-1.68728
-1.79099
-0.561038
0.34808
-1.47424
0.155706
-0.173203
-0.792445
-1.58633
-3.30252
1.32204
0.69125
-2.421
-1.12724
-2.69331
1.67585
-0.700458
-2.20746
0.0876341
-2.23857
-3.91144
-0.599385
0.161218
-1.10568
0.645816
-4.99111
-1.30929
-2.33806
-0.577111
-2.38341
2.85602
-1.04691
-2.35863
3.25661
1.8606
-4.14915
-1.84289
-0.0847094
1.407
-1.20513
-1.9785
-0.213549
-4.18553
-1.96672
1.31625
0.086184
0.24353
-1.02479
-0.282598
-0.231257
-1.94531
-0.209986
-3.16318
-0.899217
-1.9956
-2.20791
-0.598837
-2.24981
-1.93146
-2.55144
-4.05118
-0.918491
-2.73073
-1.43142
0.850156
-2.26324
-4.80709
-0.568572
-1.53541
-2.1874
0.234818
-0.760712
-2.20734
0.878945
-3.61067
1.24252
1.35391
-4.23156
0.406975
1.65073
-0.392528
1.37453
0.0859632
-2.66699
0.650341
-2.20499
-0.542407
-2.9188
-2.6194
1.28588
-0.971112
2.24409
-0.437978
-0.592938
-0.514345
-0.893578
-1.91477
-0.359773
0.0905616
-1.19513
-2.02255
0.139228
0.631104
-1.34436
-0.106292
0.556841
-1.92685
-1.27022
0.316473
-0.985243
-0.935458
-3.19906
-0.65231
-2.22433
2.46931
0.57205
-1.57538
-0.844355
0.0932674
-1.89996
0.715464
-0.409761
1.80425
-1.67325
-2.21627
-0.704371
-0.732416
1.1563
-0.850156
4.48994
0.462848
1.11619
-2.16347
-1.64252
0.0958794
-1.78253
-2.76715
-0.64519
-3.41564
-0.546871
-1.56238
1.92187
1.22003
1.96554
0.819703
0.39393
0.470658
1.21417
2.51314
-1.74841
1.2615
-1.79932
0.454534
2.24681
0.21271
2.42845
-0.643062
-0.704669
-4.01192
0.31339
-0.840986
1.80242
1.18898
-1.64343
2.16001
-5.12849
0.890519
1.19216
3.6201
-0.372181
1.9244
1.34018
-0.636034
-1.16182
-0.607443
-0.481457
1.32124
0.777695
0.800614
-0.0984922
3.22599
-0.996136
2.40896
1.31868
-0.0595391
-3.06805
1.25961
-4.39984
2.52341
-1.82807
-0.0607418
-2.06829
0.237907
0.46927
-2.0864
1.27028
-1.62091
3.40461
2.32355
1.68137
-0.220839
0.287719
2.23838
-0.921903
1.12766
-3.07068
1.71953
-2.17447
0.0147498
1.43914
-1.9351
-1.29717
0.238291
-1.26421
1.63012
-2.27008
2.25917
-1.3352
-0.245146
0.303667
-0.643996
-0.00074748
2.59651
1.0071
0.60732
2.39075
1.64542
2.15179
3.64964
1.45444
-1.83738
-0.647513
2.73217
1.69728
-0.169976
-1.39075
-3.51647
-3.37843
-1.06273
-3.24793
1.26871
-1.64533
-0.633278
3.09982
0.913481
0.251884
-3.18259
0.368881
-0.97434
1.65513
2.93545
2.41509
1.62772
2.84429
3.61637
1.45769
-1.96923
0.710145
-1.86152
0.0558615
-0.363714
1.57101
-1.1029
2.52769
-0.742687
-0.200071
0.324615
2.72063
-0.47915
-1.36459
-0.429165
-0.833551
3.51518
0.0785882
-1.39737
1.75574
0.629195
1.8366
-1.20381
5.40552
2.51205
0.351642
-1.09279
-0.51599
-3.05107
1.8166
-0.490978
0.262442
-1.88794
-3.35697
-0.398284
0.32463
0.395293
-1.31424
-0.730688
-0.887112
-1.64274
0.993146
-0.293727
2.16084
0.27794
-0.0273688
-0.996093
3.22412
2.45885
1.05532
-0.78585
1.50988
-0.790476
0.283824
-0.036528
1.63489
0.809571
-1.07682
0.452045
-1.73256
-1.613
-0.0466858
-0.169501
-1.71108
0.2593
1.74254
0.288862
-2.13222
-0.911311
0.911039
-1.12706
-1.92377
3.24569
1.93343
-1.8921
1.37153
-0.253955
-3.85813
0.889949
-0.495654
-1.28734
1.44882
-0.674077
0.673314
-1.48553
-2.28176
-2.34239
-0.603458
-1.15058
-0.164283
0.413614
-0.460733
-0.132015
-1.21631
1.55262
0.229454
-1.92178
2.15415
4.13164
-0.240819
0.489269
-1.42595
2.29709
3.06865
-0.579587
0.791309
-0.516201
0.285553
1.53733
-0.160302
-0.452515
0.568278
0.997383
-0.793353
-0.367817
0.437483
-0.395541
1.28955
-4.02793
-3.84962
0.31046
0.814825
-0.692715
0.692697
0.232698
-2.03489
1.37085
0.447508
-0.0777049
-1.19566
3.05386
1.48757
-0.634655
-0.83954
0.97927
-2.13377
1.43329
-2.85204
-1.73039
1.06107
-0.106745
-2.79218
-0.370535
2.0564
-1.3168
-0.316015
1.35955
0.632525
0.377553
-0.807855
3.30776
2.47217
0.705131
-0.426446
2.39849
-0.539251
-0.0385282
-0.500808
1.26248
2.34676
0.680038
2.39519
1.0479
-0.677696
-0.602146
0.854404
2.39231
2.20722
2.95996
0.255461
1.3483
-0.25007
-0.893703
1.8854
0.291483
0.393905
-1.4573
-0.410352
-0.417049
0.806383
0.814837
-0.658423
1.48178
0.156733
0.15397
-1.72206
-1.54683
2.40814
2.56539
-0.0870495
-2.85838
-0.741508
1.27668
1.00697
0.574275
-2.49505
-1.39873
-0.913579
1.93911
2.20312
1.88459
1.98603
3.52223
4.19887
-1.99478
2.49755
1.1073
-1.44394
1.50754
-0.0775219
-1.25789
0.648799
3.95787
0.788527
2.10211
1.58486
0.511871
2.54022
1.31568
0.0494546
1.78285
1.25427
1.87842
0.439956
-0.794519
0.694381
-2.29975
0.860936
-1.06722
2.31437
2.43899
-0.0911977
1.83117
0.457417
0.175237
-1.30114
1.70748
-1.96449
-0.421833
-1.28581
-0.987882
-1.78058
1.10114
0.675932
-0.664952
1.49601
-0.926673
-2.2514
-2.67394
0.631757
-0.0172293
1.2725
-0.694315
0.24436
-0.676115
0.554093
0.782833
-3.16971
-0.338131
-0.632616
0.749431
0.329138
1.36314
-0.559103
-1.16271
-0.405221
0.578053
-0.725312
1.65029
-1.27738
-0.507022
0.666657
1.08738
-1.9843
0.528121
-0.226496
1.09738
0.454314
-1.14375
3.28717
-1.58412
-0.564923
0.363346
-0.216031
-0.621237
-0.0658844
1.48252
-2.04884
-0.71324
0.055137
0.315992
0.951691
2.07593
1.64468
-0.794955
-1.6729
-0.580902
0.750494
3.40606
-1.09127
1.33285
1.05075
0.157318
-0.94182
2.49544
-3.68295
1.02834
-1.26316
1.49047
2.7482
-0.26243
-0.160526
0.659889
0.843954
0.103748
-2.43601
-0.594852
0.510869
0.129176
-2.08884
-0.830713
-0.285958
-1.93441
1.5032
0.40235
0.107754
-1.13029
-0.292821
-0.0761569
-0.85648
2.38705
-0.987395
-1.07702
0.370628
-1.76916
0.475191
-1.65217
-0.455886
-0.516561
-0.746155
-2.44218
-3.43251
0.196216
0.00481977
0.679921
-1.10664
-1.69754
0.723759
-2.22879
-1.84709
0.994159
-0.247769
-0.0698187
1.85547
-1.71599
-1.48019
0.847179
0.789841
0.946876
-0.167233
-0.696375
-1.9298
-0.693059
1.74381
-0.88801
3.2484
-4.31972
-1.97375
-2.45978
0.190059
-3.02341
-1.52156
1.69689
0.122551
-3.12751
-2.19646
-1.89407
1.77998
-0.238359
-1.4926
-1.60835
-3.00029
-3.03206
-3.23604
-0.887718
-0.834293
-0.721447
-0.583627
1.64539
-3.52327
-2.26941
-3.99533
-2.78668
-3.19841
-0.893235
-0.422538
0.521748
-2.57864
-5.3982
-4.18841
0.540309
0.205692
1.23515
-3.22027
-0.50687
-0.246258
-0.523786
0.269566
0.819212
-1.29509
-1.71581
-2.92119
-1.69629
-0.574647
-1.00092
-2.59155
-3.14269
-2.13
-2.0352
-0.799948
-1.58378
-1.60502
-1.50217
-3.06192
-1.94361
-1.40386
0.0789306
-1.90194
0.275978
-1.83605
-0.82332
-2.17814
-0.736383
-1.40043
0.36255
0.847954
-2.47303
-2.21572
-3.40838
0.707078
-3.52221
1.14465
-2.17396
-1.07189
1.26501
-0.172349
0.205096
-0.878967
0.647957
0.42404
-5.15192
-0.245189
-2.57853
-0.111844
-1.45963
-0.326843
-0.626586
2.63638
-0.852388
0.972434
-0.0743908
0.533828
0.497005
-1.48123
-0.0967886
-1.21608
-1.43233
-1.28155
-1.22153
0.20085
-1.70354
-1.54952
-3.72422
-3.04402
0.235169
-2.17512
0.629279
0.346118
-1.11717
-0.819761
0.366094
-1.68009
-2.36386
-2.81864
0.775732
-0.813989
0.71266
0.381974
-1.45316
0.201827
-0.00304158
-1.35236
0.111783
0.614826
0.801527
-0.67774
2.82808
-0.243637
-0.730459
-1.88214
-3.37501
0.187159
1.40809
-0.595651
1.31164
-1.29861
1.75033
-1.89785
1.6009
0.14087
-0.39537
-0.0491296
0.736619
1.77641
0.682424
-1.17001
1.61438
1.3641
0.295927
-2.16094
-0.794968
-2.64786
-0.540658
-2.05607
0.891896
1.29205
1.86031
0.479034
-1.14135
3.28651
-0.43571
1.40557
-1.02655
2.16771
2.04927
-0.632617
2.55789
-0.0261782
-1.07614
1.34308
-2.2596
1.04342
1.50336
1.21971
0.715162
-0.803765
1.86261
0.672322
0.690814
-0.938861
0.475057
-2.84073
0.398586
2.16036
-0.162115
-2.44522
-0.141267
2.42187
1.64156
1.01013
1.60631
3.43744
0.0922228
0.44078
-1.03916
2.98527
0.725806
2.78474
4.1998
-1.14597
-0.378077
1.24655
1.77874
1.67401
0.141646
0.774536
-0.646367
1.00774
-0.118777
1.88557
2.28873
0.717077
2.12092
0.431508
5.10299
1.18239
-1.33074
2.09675
4.19364
1.77349
1.78513
-1.30614
3.49867
2.10762
5.46968
0.218153
1.00908
-1.34428
1.00948
0.207978
2.67151
-0.414191
2.20893
2.81485
-0.0161427
2.59205
0.623476
-1.07616
1.01027
0.55106
1.97653
0.310204
0.562145
1.01779
-1.93329
0.517899
0.36369
2.45317
3.18145
2.70154
0.0445794
3.31032
2.29336
0.464732
0.091272
0.286623
-1.52241
-2.81478
-0.300807
-2.23111
4.76515
2.79076
1.2006
-0.485666
1.87621
2.62506
-3.74834
2.01703
3.53678
-0.594008
2.91434
-0.662054
1.64111
0.61527
-0.180739
-0.382347
-0.65302
1.82532
-0.979799
1.91471
-1.85322
3.31367
0.897757
0.155848
0.438048
-3.24088
-1.1712
-0.169327
-0.455998
0.326705
-0.683034
-1.40493
0.674297
5.88626
1.50471
2.09681
3.01192
0.393206
1.54664
-0.972825
-4.79724
0.496578
0.181697
1.04365
1.39568
-0.805164
3.29939
2.30976
1.55656
-0.768246
1.23808
1.01504
-2.99833
-0.404918
0.543019
1.52149
-0.276706
0.779375
-0.622709
-0.118098
0.798022
-2.43131
-1.83333
1.02904
0.740871
-0.474983
-0.433676
0.91004
0.532063
1.26009
-0.971376
4.49275
-1.06016
1.70466
1.10305
2.47327
1.94957
1.79299
-0.718203
-2.05165
-0.323092
-1.08731
-0.0158649
0.878137
-1.19885
1.3482
-2.44086
1.6008
2.29536
-0.275872
-3.27853
-2.17343
1.29842
3.7453
0.672749
0.955326
-0.465688
-2.81318
-0.840729
-1.46162
1.34178
-2.66288
-5.15248
-1.96972
-3.1913
0.0611035
-0.77353
1.04481
-0.725558
3.07671
-1.36257
-0.145557
0.121343
1.3433
1.06469
-4.10446
2.40678
-1.46398
-1.51807
-2.19942
3.65686
0.971689
-1.02042
-0.563469
-2.15329
0.694914
1.61658
0.0838997
-0.928841
-3.16222
0.815185
1.00335
3.25074
1.96048
1.33529
-2.13421
-0.66571
1.03095
-1.83566
-0.820527
0.500053
1.99594
-1.35022
-2.87641
-0.609866
-0.840905
-0.305273
-0.188013
-0.862234
-1.49673
0.745996
-1.83651
0.996078
-0.387565
-0.430465
-0.991805
-0.14522
-3.81224
-1.33389
-2.56432
-3.49627
-3.06965
-2.48149
-2.9179
0.497827
-1.43241
-0.598355
-1.59619
-2.41656
-2.40235
-0.749261
-1.38592
2.58427
-1.43718
-1.85972
-2.42759
-3.37231
-0.7676
-0.20869
0.690587
0.475035
1.80101
1.22373
-0.424886
-3.02622
-0.600866
3.54722
1.17939
-2.63357
0.594473
-1.69911
-0.678361
-0.29348
-0.843251
-1.31727
-4.85702
-4.58759
-1.12034
-1.17561
0.664855
-1.23996
-1.41263
-0.249976
-1.43243
-1.13076
-1.73026
-0.894606
5.65801
-0.994564
2.35062
1.82124
-2.40749
0.467272
1.03999
0.895365
-0.776244
1.58632
-2.91582
-0.911761
-0.182426
-1.71843
-0.416085
0.0990016
2.19733
-1.89205
-1.64849
0.940608
-0.0686588
-0.927228
0.422505
-3.68383
0.00206553
-1.53097
0.762681
2.1751
1.50627
1.57521
1.08652
-2.78439
1.79226
-0.222287
-2.05189
0.192158
0.520296
-2.85291
-0.78977
-0.502707
-5.41786
-1.97998
2.92804
-1.39798
0.680844
-0.859216
-1.80793
-4.04839
-2.19209
0.119894
-3.13037
-0.387024
-1.34685
0.684054
-1.0428
-0.28007
-0.633316
1.10956
0.268995
-1.55276
-3.34507
-0.105294
0.75759
-0.208494
-0.43289
-1.02361
-0.848042
-0.00509667
-1.37885
-0.472535
1.10403
-0.305862
0.888325
-0.431997
0.731128
0.672135
1.57309
2.75228
0.735567
1.90763
2.0246
-0.0990205
-0.110781
0.88565
2.43444
2.62403
0.708262
-1.336
1.25008
2.59733
1.01816
1.09344
-4.64474
1.17762
-0.0668054
-2.22339
-0.304102
-1.83922
1.02205
1.27579
-1.14914
-2.23017
0.609068
-2.25944
-0.571925
-0.271023
0.427644
1.49651
1.62424
2.13991
0.214811
-1.4545
0.937496
2.46488
0.933943
1.06801
0.941856
-0.73583
-0.396358
3.17437
-1.52127
-1.99397
-1.98192
2.58824
0.871897
-0.825638
-1.05292
-0.0905842
2.09699
0.424692
-0.023131
1.2057
1.77187
0.392799
2.06447
1.33354
-0.754083
-0.261976
0.133873
0.029304
1.8064
2.52071
-2.02297
-2.04928
-1.28615
0.380966
1.01561
2.46223
-2.05946
1.96749
-1.66703
-0.642806
-0.736716
2.1477
-0.162881
3.84949
-2.7586
-0.335218
0.692005
2.1202
3.30869
2.34506
0.266513
-2.02311
0.321399
0.976857
0.790559
-0.525045
-1.6057
-1.24288
0.366034
0.337238
-0.370109
-1.06207
-0.691411
1.50604
-3.26142
3.15131
0.723488
0.728164
-1.22233
-2.33709
-0.166456
3.49813
0.0454249
-0.0200835
-2.10577
1.14495
1.55248
0.891525
0.639172
-0.543459
-0.0776114
0.666357
-0.978788
-0.971646
-0.474097
0.839264
-2.78726
1.13048
-0.24321
2.41685
2.32173
-0.437518
-1.13375
2.09613
0.0602318
0.0675375
-1.70302
3.91256
1.51149
0.932223
0.329459
-1.29478
-0.42394
-1.96915
-1.49551
-1.24492
-0.695656
0.515151
-0.397399
-0.125247
1.21704
1.43469
-1.2767
-0.782624
-1.76892
0.302789
-0.664554
-1.47291
-3.47333
-3.95628
-0.943446
-1.12915
-0.310516
3.10585
-0.282507
-2.84332
-1.937
-0.462698
-0.721861
-1.40372
2.57014
-0.747558
0.1064
-1.81189
-1.01821
-0.676088
-2.37956
2.45649
3.69724
-1.06066
-0.352387
0.121009
-0.180625
-2.07161
-0.523819
0.848497
-2.46216
-0.771226
-1.28594
-0.172062
-1.07551
2.45463
-1.77443
1.56582
0.0763693
-1.36327
-0.083981
2.55947
-1.53172
0.786548
-1.52094
-2.129
-1.43737
-0.233197
-1.71913
-2.36092
0.410511
0.0848669
-1.47832
1.88187
-0.742022
0.388453
-1.74351
0.940358
-1.67373
-3.96925
0.0136578
-1.74468
1.5704
4.25409
-3.39764
2.04039
-0.811519
3.21986
2.72159
0.590591
0.932096
1.13603
1.33831
-1.30613
2.78421
-1.19641
-1.53237
2.13683
-0.407235
3.57823
-3.91164
2.44797
0.946861
-0.685799
2.19301
1.22554
2.75879
-1.43186
-2.21751
3.37252
1.54998
0.00226608
1.18551
0.625343
-0.631138
-2.30727
-1.5223
3.46019
1.80627
-1.26829
0.373414
-1.71044
1.83812
0.462049
-0.468659
1.37806
1.42607
-2.1383
-2.93513
3.3749
1.06701
-1.76762
-0.161299
-0.293405
0.496946
3.50696
0.309445
1.28008
1.66371
-0.383428
3.44433
-2.56234
2.15532
-1.66893
2.49263
-0.290037
3.09515
0.640415
0.909279
2.37463
-0.912304
-0.312976
0.166508
-0.736272
-0.307794
2.60089
0.0882492
1.93253
-1.43855
4.05403
0.223676
0.120795
-2.68914
-0.328932
0.846813
0.24843
-0.340394
0.572467
2.36976
1.37373
0.312222
1.22478
-0.438262
-0.605494
1.41062
-1.1421
-1.36481
1.17848
-1.52059
1.49194
-1.10576
-1.57877
-0.327867
0.399315
2.21381
0.798432
-0.057508
-2.25066
-2.8054
0.190827
-2.44834
2.92325
1.02411
-0.785816
2.90389
1.79538
-1.16909
-1.64033
0.0411496
1.895
-0.147776
0.478047
-1.37211
-0.675271
2.56608
-0.0806308
-1.5936
2.58189
-0.636497
0.989907
1.64866
1.30777
-0.313774
0.727426
-0.269324
5.29765
0.667268
-0.34461
1.49665
0.263768
0.108311
0.606728
-0.459044
3.21642
-2.9899
2.44695
0.0697025
3.55096
2.94833
-0.825334
-1.67251
1.48458
-0.774204
0.382584
2.70154
1.02678
0.134657
2.84729
-1.38595
-0.262153
1.06584
0.183707
0.507969
-3.01796
2.99383
2.56914
-0.821291
3.18528
0.803377
0.0820669
-1.91374
-0.386556
-0.158539
2.29664
0.097106
2.344
2.26835
0.931687
5.53903
1.08525
-1.08846
0.324672
-1.09407
-2.13275
-0.196167
2.71659
-1.94564
-0.566813
1.29534
-2.44392
1.00555
0.843228
-2.92993
-2.05406
1.58722
2.35771
-1.61156
2.75108
0.833851
4.2715
0.763029
4.88416
0.213538
0.809407
-0.131031
-3.1724
3.56207
0.684101
-0.105875
0.814625
-0.30533
0.155802
1.81488
-1.79321
-1.98291
-2.29406
-2.64199
-2.6656
-0.543179
-4.31001
-3.67261
-1.74692
-2.45857
-0.166833
-0.54048
0.429414
0.035671
2.05576
-0.261598
0.772566
0.47542
-2.30424
-3.58217
0.761096
-3.39089
-1.55237
2.37234
-1.82409
0.340707
-3.27947
-0.30855
-3.55887
-3.89519
-0.272624
2.37365
-2.52155
-0.586605
-0.759513
-1.16154
1.47005
0.405751
-0.604075
0.253231
1.02416
-0.643984
-1.46268
-3.68805
-1.63977
-0.464698
-0.545312
-0.392839
0.286843
-0.182575
2.27958
-1.89988
-1.99307
-2.11649
0.1353
-5.66944
-3.21552
-1.84963
-2.13263
1.14115
1.68168
-0.173617
-1.90664
0.553446
-0.564888
-0.0742446
-0.00932147
-3.20049
1.56275
-5.05193
-0.215539
-0.181314
-1.92248
2.53111
-4.29044
-0.690025
0.179657
-1.90557
-2.46194
-2.5385
-2.48666
-0.517058
-1.57257
-1.06455
-1.06505
1.92218
-0.253557
0.0711608
1.55027
1.09099
0.710922
-0.0810375
-1.02175
-1.8188
-2.15382
1.14807
-0.314568
-1.67795
0.0216104
-2.08282
-1.06087
-1.98054
-2.2414
-0.38979
-0.66381
-1.39541
0.0549667
-5.02164
-0.658008
-0.794336
-0.835682
0.0901401
-3.1533
-1.30498
0.0532089
-2.63947
0.452707
-1.13673
1.10911
-1.23337
-0.961298
1.59188
0.675081
1.78059
-2.39684
-2.94175
0.860612
-2.24789
-0.253753
1.16901
-0.39612
-0.876672
-0.190083
-1.08913
-0.926119
0.848055
-2.27611
-2.50892
-2.8382
0.602985
-1.33113
-3.41778
-1.79277
-0.889025
0.0760549
0.507618
0.0611827
-0.157451
-0.0360854
0.914778
1.046
1.22968
-1.36928
-0.269018
0.114729
-1.52165
-1.48643
-3.84375
-2.39069
-1.1961
-0.510435
-1.19771
-2.29116
0.938032
1.36291
0.120672
-0.669231
-2.23457
0.0278936
-0.643763
3.34951
-0.222709
2.69416
-1.01195
2.66854
1.82159
-1.49356
1.34601
-0.236893
1.99282
-1.46089
-0.4211
-2.60705
-1.76642
-1.4137
-0.143646
-1.34499
-1.19243
-3.99155
-1.4327
0.811747
-0.780633
-1.40242
3.15927
-1.93749
-0.099161
-0.914142
1.96304
2.58483
-0.75102
1.49659
1.58594
-0.368834
2.98987
0.555995
3.23127
-1.24963
4.03023
-0.0640732
0.762692
0.606266
2.25446
1.66234
1.07402
-0.763369
-1.38421
2.18389
3.05476
0.416055
0.627441
-0.924622
-0.0333174
4.6124
2.29774
-0.893955
1.51163
1.49984
0.63934
3.03251
3.24231
2.39902
-1.12108
0.828695
3.85188
1.17932
2.3149
1.32265
-0.619395
-3.20578
0.748748
0.871872
3.72309
-0.0405369
-0.863381
1.87121
-0.413717
3.56006
1.16665
1.80586
-0.866665
1.50264
0.0199691
1.61165
1.45598
2.76509
-0.0561585
2.24405
-2.0299
-1.64944
-0.245821
1.12757
2.27847
0.0466568
-0.097842
-1.38986
0.187789
-0.563534
3.20442
1.13036
0.0879748
4.16373
0.924232
0.40875
0.923561
-1.29856
2.88373
3.24455
0.906426
3.48333
4.59595
-1.75613
0.289457
1.13523
-0.866307
5.64811
1.27373
3.52894
0.210878
2.67771
1.24599
-1.58974
2.56188
-0.643204
1.12916
0.928509
0.896903
-0.323918
-0.362169
1.74705
0.914838
0.684815
2.55802
3.11518
0.833456
2.1844
3.08036
3.43734
1.96248
2.45818
2.8283
3.97253
-1.41091
-1.10204
0.66623
0.622732
0.998879
0.231303
0.387192
1.7099
0.115078
1.3178
0.88843
-0.63148
-1.12771
0.549363
-0.819617
3.42532
2.0521
-1.79696
3.18357
0.0936202
4.10035
0.115264
1.67541
3.64498
1.03496
1.29451
-1.06871
0.586666
0.597155
-0.732911
-1.11463
0.769435
-0.441908
2.42158
-2.81905
-1.17804
-0.556443
1.49827
-0.779618
-1.86829
0.377005
-0.297794
1.07703
0.607068
0.309441
1.115
0.59221
2.43866
-2.72621
2.51871
1.04598
0.453542
0.852324
-0.31646
0.921964
-1.81754
-1.3219
-1.47414
-1.43806
0.928912
0.841335
-1.54482
-0.517229
-0.2909
0.153197
1.24363
2.77859
-2.22743
-1.42787
-0.314668
-0.759481
-0.380407
-3.74271
-0.675054
-1.99538
-1.77715
-0.32018
-1.01654
0.516063
-0.833564
-1.33133
0.449614
0.497063
-3.15563
-0.511715
0.930697
-1.62237
-2.61394
2.39445
-2.17642
0.543028
0.47139
0.267624
-0.819703
0.830394
2.40419
-0.603421
-0.556905
-0.143311
1.26564
1.4322
0.0366546
-0.808453
-1.19694
-2.89466
2.29705
-2.66363
-0.309837
5.11786
1.57385
0.629903
-0.869323
-0.630337
2.82409
-2.99571
0.716984
-1.07353
-3.64395
1.03109
-2.34127
0.0367643
2.05775
-0.353912
-0.52152
-0.235989
0.605812
-0.676273
-2.62436
-0.615915
0.375623
1.26686
2.48726
-4.12795
-2.70472
-3.82199
-1.23527
-0.527497
-1.11636
-3.00225
-1.57434
0.93499
-0.267598
-2.80391
-1.59378
-0.992035
0.84377
-0.356445
0.165731
-1.29038
-2.69498
-2.40086
-1.60948
-0.776568
-0.430347
0.298525
0.347322
0.779711
-1.93598
-1.15753
2.28628
0.125715
-0.64497
-1.89299
-2.26829
-1.6223
1.12929
0.80851
-1.31396
1.3541
-2.43166
-2.25299
2.11449
-0.305679
-0.510533
-0.979471
-1.23851
0.876669
-0.853081
1.20285
1.61331
-0.399637
-0.768114
-0.658543
0.5662
1.05452
-2.34517
0.103127
-0.246124
-1.5855
2.53032
0.657053
1.18015
0.12703
3.32154
-0.910757
1.00613
-0.407282
0.893959
-2.69974
-2.68129
0.503674
0.471562
-1.06563
-0.523662
-2.52077
0.559368
-0.418935
1.46556
-1.30403
-1.9705
0.286901
1.48595
-0.508426
-1.09989
2.21745
-1.24093
-3.7351
0.715593
-0.261477
2.4525
-2.38
1.3667
-0.0505741
1.45053
-1.65955
-0.634216
1.40329
-0.207086
2.37349
-3.17885
-0.677146
1.58175
-0.824559
-1.54347
0.616947
3.05552
1.16439
-0.820978
1.06328
1.55298
1.83846
-0.716605
0.780763
1.94531
2.04077
-0.675552
0.13306
3.75758
3.12529
-2.99936
-1.51641
0.487749
0.857861
-3.58546
1.74064
-2.27306
0.0651992
0.00813103
1.50142
0.881095
2.80489
1.28276
0.0150869
0.604697
-0.69425
-0.760982
1.32191
1.86971
0.327759
-0.0434314
1.75912
1.73754
3.42922
0.540433
1.69564
0.749744
0.00493223
1.5958
-0.270262
-1.13191
-0.170851
-1.00233
-0.829899
-0.663625
-1.7666
-0.39954
-2.608
-1.83703
-0.623777
0.423911
1.27657
1.19877
2.73874
0.651948
0.766584
0.524126
1.62653
0.739301
-0.624271
-2.29438
-0.391667
-0.951232
-1.80987
-3.28091
-2.85517
-0.21288
-0.59779
-2.04149
1.57557
-1.57952
-1.87067
0.170459
-1.9276
-2.22159
1.16832
0.382269
-0.654204
-1.01229
-0.080951
-1.53265
-0.0402967
0.137556
0.333102
0.0672847
-0.558702
-1.55175
1.54376
0.994149
2.31345
0.274426
-1.16979
0.973324
1.29895
-0.308281
1.09226
1.8275
0.286068
-0.541472
0.742628
-1.10858
1.8427
-2.07917
0.799215
-2.89753
-1.43095
1.93658
2.34578
0.682656
3.49629
-1.03697
0.289534
1.68388
2.45491
-0.347161
-0.315266
1.67947
-1.95863
-1.20748
-3.13419
0.426284
2.37027
0.0782722
2.25635
-2.46244
-1.1703
0.778223
2.17865
-2.91889
-1.44939
0.278315
-1.50704
-0.255052
-0.12505
0.74207
-0.122534
-0.557077
-0.945254
-0.368832
0.499248
1.22081
1.28395
1.87442
1.80481
-1.58182
1.17062
-1.02957
-3.47309
-0.214146
-1.53578
2.34861
-1.23452
-1.80819
0.60121
-4.47495
-0.333073
-2.03153
-0.905542
0.891449
0.75581
2.84946
-2.18857
1.34285
0.517951
0.171059
-0.800678
1.55476
-1.1104
0.560718
3.7138
-0.419785
1.23111
1.63577
-0.233457
-2.14324
-0.572956
-3.24889
-3.07978
-0.127239
-1.35766
0.282472
-2.0197
0.405341
-0.188431
1.20527
-0.388153
1.60591
-0.420086
0.746633
-1.86526
-2.76638
-0.746964
-1.54079
0.0109296
-1.43255
1.67262
-0.245832
-0.248686
-2.07652
-1.51401
-2.6765
-1.51732
0.0144446
1.90698
-0.914896
-0.658233
-0.0170047
2.43238
-0.572826
-3.31238
-0.553363
2.08687
3.55042
2.17249
1.01492
-0.541127
2.59777
1.90975
-2.79489
0.271563
-1.97308
-2.87765
-0.126283
-4.10163
1.9076
-3.26364
0.883931
-0.213051
-4.10044
-2.01491
2.44138
2.91972
-1.94373
-0.308612
0.258423
-1.15437
0.633986
-2.14018
-1.69603
1.14037
-3.40399
3.08342
-2.1511
3.35112
-1.40554
0.0147904
3.26797
-2.16261
2.24154
2.14847
-3.1789
-1.53445
-1.22534
1.32986
-1.59375
0.395377
-1.74371
2.27327
2.0606
0.234618
1.01271
2.5987
-0.893034
-1.70098
1.6834
-2.11679
2.46973
0.148216
-0.629082
1.32866
0.742522
2.41815
1.59801
2.14939
0.353222
0.799502
-0.23023
1.16379
-2.22224
0.237698
-0.23852
2.15512
1.98566
0.829543
-2.54173
3.00882
0.841363
-1.59312
-0.856856
1.31518
0.805217
1.68235
2.90562
-1.16477
0.49144
1.28831
-0.259851
0.927123
-1.74019
-2.89786
0.737747
-0.130346
-1.05197
2.06137
-0.334364
0.975061
-0.393296
-0.211434
1.52654
1.13573
-0.352625
-0.316758
-2.20578
2.07567
0.637006
-0.87495
1.48738
-1.28418
0.177043
3.76772
2.92505
1.02317
-0.526163
5.00273
2.46767
0.136878
2.33871
1.39982
2.92303
0.888784
4.16983
-0.128028
3.82023
1.00211
1.44542
1.24686
5.75503
2.40238
3.1642
-1.55138
-0.618039
2.05391
-0.261337
-0.239824
0.865729
3.23352
0.273437
3.00738
0.641916
-0.891614
3.09206
3.81517
1.79155
-1.97217
-0.539301
-1.49091
-0.524687
2.39028
-2.33216
1.46324
0.0491905
-2.07922
-1.31114
1.08336
-0.488287
-2.67338
0.218307
1.52813
0.698697
-1.90918
-0.255864
1.54274
1.19278
-1.41674
-0.336414
1.46487
4.19285
1.05656
1.46832
1.06544
1.40037
1.18688
1.17262
1.32482
1.28005
-0.0304407
0.341612
0.593279
-1.31364
-0.450109
1.42089
3.5197
-0.733637
1.36187
2.92937
1.83921
1.44057
1.84179
-0.125753
1.78886
2.02514
-0.729569
2.06219
2.8848
0.00957633
0.188138
3.81369
-0.428881
4.47744
1.9767
2.96431
1.07733
-1.42938
-0.654901
-1.26233
0.613492
1.43249
0.290953
-1.73186
-0.275857
-1.14724
2.08875
-2.48822
3.70822
-5.02192
-0.497272
-0.434828
-2.54246
2.91258
1.47763
-2.43683
0.134692
-1.5045
2.13536
1.09334
-0.893536
-4.14735
0.344703
-3.09989
-0.330208
2.03092
0.00435746
-0.640722
2.36072
-2.15217
-3.12876
1.17688
-1.85403
-1.71807
2.26595
-3.45835
-4.65642
-0.683301
-0.615473
-1.06018
-0.0682574
1.50537
0.697469
-2.01916
-1.13532
0.3888
-0.347838
2.31834
-0.135599
0.862495
-0.511865
-1.87753
-1.46025
-1.32167
0.387214
1.41414
0.202087
-1.822
-2.17698
0.494861
-1.38291
0.429625
-0.458843
0.655693
-2.08476
-0.295343
-1.37107
-2.01479
-2.17927
0.847842
-2.9318
1.2062
0.894819
0.892855
1.33294
-2.34153
1.17839
0.275316
-2.93381
-3.71011
-3.22922
-2.07399
-4.25499
1.31279
-2.1315
-2.62132
0.814436
-1.03945
-3.16092
-1.55925
-4.39954
-3.53167
0.572293
-1.49159
-5.10754
1.57749
-1.06607
1.34228
-0.580366
-2.25307
-0.341092
-2.20042
-3.6027
-2.44802
-2.27091
5.51701
0.354529
-2.48624
-0.744979
1.18064
-0.512298
-5.19601
-3.09009
-4.44516
0.0413518
-0.658521
-1.23525
-4.06699
-0.436229
-2.86764
-1.08866
1.74439
1.20351
-2.41878
1.18555
-1.64106
0.0571441
2.325
-1.35995
0.266279
0.72989
0.139563
-0.107697
-0.129682
-0.331106
1.76237
-4.22137
0.368772
0.873587
-0.858041
-1.87042
-4.30118
-1.36622
-2.0886
-3.94393
-2.89313
-0.564683
-1.00807
-0.839449
-0.985804
-0.81633
0.270349
-0.351313
-1.77382
-0.545094
2.19144
-0.488877
-1.70366
-0.811553
2.3128
0.467383
-0.270553
-2.09833
0.0763092
-1.19952
-1.46394
-0.973524
1.48113
-0.642997
-1.47241
-0.256618
-2.16202
-0.905365
-5.66352
-0.389097
1.51901
-0.361956
-0.364578
-0.645198
3.81142
2.62041
1.33798
-2.48921
-2.94904
-0.807342
-0.631904
-1.00073
-0.609649
0.844335
-0.527729
-0.517937
-0.307216
0.791613
-0.619771
-6.12648
-2.15779
-2.25786
1.29604
1.18268
-1.33948
-0.0407617
-0.573839
0.35778
-0.411116
1.33595
2.34732
-1.69103
2.35498
0.935542
4.3253
2.79455
0.828344
0.644869
0.318439
-1.46066
-3.10993
0.562075
-0.185187
-3.49011
-0.172379
-0.751667
-1.24574
0.950907
-1.8589
0.673843
3.75435
1.83127
4.39677
1.28991
0.346693
2.8755
0.586646
-0.526247
1.38301
0.720239
1.36332
1.09178
4.24751
1.71026
2.30406
4.19285
0.0593701
0.143606
-2.84503
-0.713291
-2.21376
-0.392887
1.00127
-0.0985482
-0.068762
-0.570734
-1.12048
-0.25683
-2.28615
2.77164
3.28971
2.11191
1.21437
0.475378
1.43084
1.07083
0.714411
1.17028
-0.146777
1.3403
-0.698192
0.555312
0.84535
0.230081
0.580494
-2.04277
5.13916
-0.926847
-0.419624
2.3346
0.540551
0.100809
-4.6381
1.62332
0.843563
1.55842
2.10163
4.76092
1.9243
1.90107
2.68966
1.00394
0.652334
-1.76399
1.59922
2.27517
-3.04898
0.773197
4.94989
3.65884
2.10746
-1.14242
0.523349
-0.245476
-0.0230011
-0.4085
-1.589
2.62454
0.210817
1.66021
-0.131844
1.61069
1.43299
1.02951
1.87373
1.12995
-0.593573
3.4843
1.15331
1.75889
0.340314
1.28935
-0.0316624
-0.414208
1.87775
-0.355721
0.632407
-0.318499
2.5223
-0.129493
-2.25198
-0.933188
1.45234
0.32087
1.15642
1.85532
-0.270126
0.848368
0.610959
-1.04823
2.54113
4.32567
1.88252
1.10654
-1.44267
3.31942
-0.054985
4.00108
-0.554837
-1.37857
1.96286
-1.81265
0.762744
1.62734
0.704696
-1.54007
-0.0709183
-2.4106
-0.889862
2.4819
1.65485
2.32837
1.6335
0.808727
0.622677
3.81047
4.47477
4.12704
5.31101
3.16004
3.04776
0.682588
3.53428
1.10697
0.618372
3.01158
2.02166
0.779664
1.7202
-1.56077
1.00782
0.0562198
3.09858
0.921965
-1.74614
-2.32344
0.417172
0.225444
-1.63445
1.87839
1.49304
-3.20661
2.4761
-0.0987511
-2.82267
-2.26473
1.72715
-0.1495
2.51582
1.60892
-0.200197
2.44034
-3.38125
0.24732
1.24984
-1.58191
0.227532
-3.04478
0.090489
-1.60169
0.0838741
-1.69483
1.68156
1.01584
-0.693765
-0.209316
0.402933
-4.00434
1.12296
-0.939323
0.636057
-1.63097
1.06602
-0.530188
0.0178581
-0.426996
-1.46219
0.635795
-0.642372
3.25554
-0.517259
-0.0609479
0.721389
-0.0947326
-2.20442
-2.73392
0.698222
0.479873
-1.35168
0.3556
2.0132
-0.244841
-1.62894
2.0777
1.36216
2.59209
-0.167709
0.156796
-0.919466
2.30326
1.37245
-0.848829
-3.32322
-1.69546
0.677638
-1.39345
-1.00075
0.760924
-2.46386
-1.78729
-0.321182
0.162003
-1.11794
0.687523
-0.623566
-1.33011
-1.86995
1.06503
0.930096
-3.0234
-2.01864
-1.85927
1.418
-0.200601
-1.08966
-1.76346
-3.12507
0.394585
-2.43084
-0.514666
-1.81548
-1.09252
-0.892092
-3.77022
0.0966779
1.02837
0.0857749
-1.32119
-0.686529
-2.44435
-0.0488556
0.467581
2.03899
-1.70242
-0.369958
-0.374011
-2.45021
1.00068
-1.21144
0.188496
0.124166
-1.83086
0.153155
-2.85305
-2.13849
-1.16828
-3.18126
-0.805
-2.59886
-3.145
0.87531
-0.250941
1.22881
2.77388
1.30519
1.19761
0.540869
-0.939714
-2.97493
-1.28168
0.231059
-2.11273
-0.202111
0.1073
0.634144
-0.488158
2.04599
-0.130946
-2.42343
-1.08355
-2.21978
-2.59667
1.37411
1.52475
-1.33703
1.23588
0.349664
-2.85907
-4.63886
0.738862
1.52926
1.70153
1.14417
1.30809
0.676801
1.62923
1.81131
0.0148862
-1.28095
0.904981
-0.204411
-1.96907
-1.29571
-0.735379
1.69652
0.629779
0.411946
-2.10156
0.606138
0.991317
-1.41206
2.72779
-1.39941
-2.39953
0.895368
-0.652848
0.667157
2.92392
0.435225
-1.41283
-1.76745
-2.44344
-0.424042
-0.0872712
-0.303186
-0.832702
0.539043
-1.49155
-1.93489
0.317196
2.14908
-1.33554
-0.980434
-2.49441
-0.0381216
-0.657123
1.45701
-1.70537
-1.14296
-3.60475
0.486158
2.05547
-0.913084
2.33319
-0.155677
-1.18453
0.555462
2.11495
-0.756927
0.167519
1.07335
-2.92272
-0.240669
-0.804451
-1.14609
-1.75497
-0.211472
1.31828
0.79284
0.637347
1.49044
0.0075752
0.951011
0.355123
-0.331211
1.84676
1.13534
3.16953
1.66165
-0.636669
2.25836
-2.72657
-1.54349
-0.341483
-1.66276
-0.0888336
1.28486
4.31523
0.630827
4.69671
-0.119432
2.60932
-1.03706
0.217684
-3.10269
-1.86426
1.42401
-0.564367
0.820446
1.77474
-1.04639
1.12037
1.1515
0.1849
1.84608
0.866558
1.32268
2.99524
-2.4329
2.45174
-0.521711
3.60791
-1.57229
3.76898
0.606306
-6.11857
0.271996
-3.35949
2.67634
0.184184
0.893491
0.593161
-0.645073
0.148852
-0.163481
-0.63492
0.7839
1.146
-1.25717
-2.13115
0.829884
1.1596
2.55241
1.80864
-0.3515
0.217943
3.14653
0.401819
-0.0761006
0.202026
-0.0791347
-0.196025
0.0749625
2.97883
0.399205
-1.52906
0.273174
-1.41189
-0.175873
0.554845
-1.50287
-1.66066
-0.0980205
-0.514578
1.18511
-2.04593
-0.707571
-0.922811
2.67315
-2.90362
1.73074
2.01063
0.218312
-2.0177
1.34346
-1.11887
3.66831
0.0698792
-1.72714
-0.656169
-0.690367
-3.16113
-0.723722
-0.782352
1.16297
-2.3738
-0.710668
0.821518
1.90297
-1.36732
1.86935
-1.03606
-0.646089
-3.13292
0.391697
-0.0977698
-0.793454
2.98248
0.886223
-0.989753
0.0903414
0.393239
-0.857808
-0.560683
-1.7047
-0.322648
-2.30229
-0.520968
-2.34521
-0.0103645
-1.51094
-0.719523
-0.475198
-3.28101
-2.09816
-1.12358
-0.916637
-1.87608
2.1491
-1.81179
2.17576
1.37583
-0.439662
-1.62751
3.61424
0.262295
2.55473
3.21613
0.260908
0.784887
-1.47632
0.259032
0.0213312
-1.39026
-1.46402
-1.71534
-0.0370432
2.36173
-1.25523
-1.75438
-1.66995
0.829233
-1.8312
2.75877
1.00514
-1.12774
-0.00500663
0.919005
-0.439715
1.33043
0.859058
-0.414122
-3.57278
-2.07928
2.18578
0.0403211
2.18998
1.89693
-1.63006
0.420545
0.104468
-0.844486
-1.37449
-0.476636
-0.235808
3.50394
-0.344285
1.21449
0.46821
0.146418
-0.955523
-0.00373548
-1.00975
-0.907713
1.34507
-0.398964
0.42766
0.340455
0.0540363
0.376114
0.0442214
-0.0158648
1.55623
0.883681
-0.480013
-4.01642
0.365593
-0.861714
1.24745
0.272021
-1.80693
0.673114
-1.95762
-0.700679
2.52056
0.633849
1.17725
0.733315
2.22607
-0.776677
1.41976
0.240851
-0.970238
1.0713
-0.329474
2.76104
2.59367
1.88254
1.28764
1.43163
1.40067
-1.1253
0.218167
-1.0688
-1.62706
0.399072
4.39349
2.21328
-2.30718
0.162379
-1.09618
0.525244
-3.10599
0.856067
2.27145
0.417507
1.48725
2.2826
-1.20813
0.798282
1.7514
-0.630487
2.12651
-0.29807
1.2951
-0.454089
1.22204
0.271975
-0.878711
0.394372
-2.68369
-1.4325
-0.571836
3.88307
-1.72502
-2.68335
0.539161
1.33573
1.93827
0.927997
-2.08208
1.48511
-0.834084
-0.389987
3.84063
1.25334
0.250647
-0.215648
-0.455867
0.63034
0.947958
0.291695
2.65961
0.607104
-0.24359
1.56392
-0.734006
0.463684
1.29921
-1.7524
-0.0392858
2.24823
0.217662
-0.176349
1.47426
0.960716
-0.714957
3.6554
0.367386
-0.4764
0.1411
-0.646169
-0.602233
4.80292
1.62739
4.6108
1.79682
-0.725985
2.83094
-0.47156
2.71428
0.759362
0.2043
-0.194843
-1.05608
2.03431
1.10603
-0.278663
0.634958
0.423412
1.9649
1.95927
1.40007
1.4423
2.55068
1.97659
-1.18686
-0.717325
-0.370674
-1.38918
1.03423
-2.43746
0.553979
0.180329
3.56619
1.47102
-2.41902
1.44375
-0.894163
-1.5857
-2.30204
0.121509
2.26966
-1.98907
0.96675
1.02599
-2.36279
1.58412
-0.311409
1.30802
0.927251
3.17447
-1.656
1.45658
0.975178
2.16631
2.37284
1.53138
1.33551
1.40444
-1.34823
0.206815
-1.24128
0.598798
2.55523
-0.0258801
4.37884
0.641363
-1.80924
-1.92824
0.650255
1.33005
0.381569
0.63669
2.38817
-0.468686
-0.583091
-0.577676
-0.0825673
2.49528
1.99921
1.18616
-1.4648
-0.456322
-2.22115
-0.856204
-0.80208
-0.223509
1.00766
1.88516
2.82122
0.722147
-0.836378
-1.10627
1.76154
0.456324
-0.574401
-1.43913
-1.15078
1.50115
2.65213
-1.12445
-0.692493
-2.25926
-0.470334
-1.47781
2.35581
-2.35777
2.20028
-0.926381
0.0896187
-1.88235
-0.465573
-2.26757
0.530722
-1.31699
0.848836
2.82295
1.61742
1.21287
0.927101
0.18844
0.6875
-0.409811
1.05315
-2.28324
-1.90226
-0.165345
-2.9151
1.35256
1.99392
-1.31666
0.143241
-0.666549
1.49481
-2.42335
-0.050738
0.377896
-1.18314
-1.9433
-1.96267
1.36626
-2.50077
-2.82711
2.18757
-0.505498
1.56474
-0.441629
-0.579339
0.120729
1.60699
2.53884
0.300449
-1.83735
0.366755
-0.0844649
-1.10929
-4.25237
-3.16276
-2.66597
-2.48488
-0.528218
-1.9277
-0.754326
1.59458
-3.50252
1.79378
-1.09528
-0.379436
2.23423
-1.18191
1.28375
-1.44959
-0.289226
-0.0657211
0.62776
0.552008
-1.37342
-0.850202
1.01905
-3.08519
-3.34924
-1.00757
-2.72126
-0.894207
-5.35916
-1.7686
-0.815506
2.35113
-0.826409
-1.23041
-0.383407
-2.86521
1.98683
2.37133
-0.815138
-0.586301
1.34389
-3.1279
1.37632
0.935261
-0.436029
-0.996674
-1.66146
-1.65102
-0.988431
0.213308
-0.347348
-3.01679
-4.23614
-0.0239408
-1.8131
0.802429
-5.07844
0.77559
0.924741
-3.88488
-1.68908
-0.370024
-2.60289
-0.273726
-0.411607
0.706266
-1.36242
-1.88083
3.44216
-0.251209
-2.36255
-0.939408
-5.33497
-1.89086
-1.20711
-3.31995
-0.0623837
-1.57372
-3.91613
-2.56048
-0.89914
0.274994
-0.112926
-1.98249
0.147429
-1.11388
-0.189846
-0.691783
1.40234
-1.43376
0.284642
1.09691
-0.66609
0.174575
2.05618
0.354106
0.57044
-1.79838
-3.27433
-3.0935
-3.46791
0.836804
1.43706
-2.16463
-0.583419
-0.688117
-2.89663
1.86583
-2.7686
-0.890237
-0.0621692
-0.960075
0.740315
0.103648
2.28572
-0.170097
-0.911602
-0.925777
-1.56935
0.184652
0.515052
0.0213731
0.00984427
1.52244
-1.26615
-0.573302
-1.01418
-1.66765
-1.1986
0.282684
-1.9094
-1.65237
-3.36869
2.65961
1.49434
-1.81773
-0.00432556
-0.516815
-1.00177
0.601249
-1.65512
0.151658
2.31778
-1.95302
0.434452
1.94429
1.93153
3.01662
-1.09053
0.18531
-1.44353
1.28234
1.69537
1.65139
-1.00676
1.20274
0.876308
0.530788
0.312136
-0.69956
-0.178007
0.986279
1.53096
0.0954852
4.04363
-0.0780302
1.41871
4.25553
1.66824
-1.26354
0.574155
1.31985
0.343731
1.72811
0.336165
0.292308
1.45014
-1.44339
0.232607
-1.33839
1.83626
1.41326
-1.32037
-0.605272
-0.716224
-2.67287
-1.04503
0.0357583
1.53855
0.842891
1.34958
-0.126793
7.28378
-0.5312
2.14079
-0.996148
2.06128
0.779622
6.09668
4.29414
0.230355
1.86849
-0.0187994
-0.841711
1.23894
1.45759
-0.982703
0.893167
0.003028
0.141484
-0.970361
2.14503
2.64926
-1.38147
2.91962
0.741822
2.26118
1.95723
-0.377932
0.736569
1.46989
1.09211
1.64832
-0.0606765
0.889054
1.80634
3.07638
1.104
2.87018
1.72349
1.89651
0.82294
3.81408
-1.78052
3.39149
-0.328049
2.68025
0.45007
-0.86728
1.2118
-1.72632
0.962987
0.128378
1.05171
-0.836362
-0.275263
0.71526
1.91473
1.78319
0.241474
3.47334
3.52301
1.27758
0.503414
-0.895986
-0.00215864
-0.62882
3.4333
-1.95278
2.07802
-0.185493
1.06039
-1.0303
-1.66246
-0.493365
1.97839
0.263252
1.30363
0.0176346
0.0814789
1.23403
2.93751
0.488886
0.698637
0.658705
1.14684
1.19177
1.53527
1.45876
0.434345
2.9881
1.44237
3.84623
1.56278
0.745305
-0.0380112
-1.30479
2.65562
-0.0789333
2.72904
0.930943
0.741676
-3.86312
-1.37466
-0.553261
0.152165
-1.01139
-1.85235
-1.50428
-0.474952
3.62808
3.75854
3.1587
0.607781
-0.670669
4.09577
0.106726
-0.91092
3.20872
0.639674
-0.194017
0.63593
1.74685
2.06347
-0.0214487
-0.110824
0.366097
-0.478418
0.00752298
0.923806
-0.511109
3.09379
1.07467
-1.93238
1.05986
2.01519
1.38119
0.440009
2.80789
0.701526
-0.517196
-1.11325
-1.17866
-2.48185
-1.92677
-3.30234
-2.66642
2.0675
-1.53207
-1.31884
1.97189
0.661733
2.4261
-2.60519
-1.49434
-1.04339
2.81288
-0.715011
-1.34398
-0.226883
2.26061
-1.59176
-1.94307
-0.168909
-2.28088
5.45391
2.00459
2.57213
-1.77517
-0.25321
-2.10835
1.26805
-0.890969
0.849071
-0.502886
-3.21174
6.29301
-3.72853
1.37923
-1.06371
-1.15401
2.64442
-3.35084
1.47281
-0.514619
0.189759
-0.494784
-2.31976
-3.80122
-1.75358
3.31416
-0.0538034
-3.40843
-0.812324
-0.859084
0.557257
1.66978
-1.05201
-0.314854
-0.050364
-0.472971
1.49644
-1.63064
-0.0548806
-0.0309571
0.157229
0.348446
-2.0402
-3.81674
-1.12097
-2.34232
1.56425
2.95503
0.35321
-0.903984
-1.36075
-2.25916
0.529442
-2.69656
-1.85393
-3.67864
-0.759056
-0.0893228
-2.16145
1.15828
-0.336749
-2.31491
-0.793083
-1.53982
1.32854
-2.41947
0.229444
-1.85013
-1.20386
-1.27565
-0.647962
2.00817
-2.86726
-3.3838
-0.728661
-1.60036
-1.6875
-3.04588
-1.06249
-2.25223
0.762753
0.272669
-0.0132218
-0.757818
2.17516
1.38462
1.98047
-1.39542
-1.21722
-0.725014
1.32316
1.52723
-2.19119
-0.744041
0.448448
-0.520237
1.02937
0.0276726
0.36178
-0.580794
0.0757156
1.13805
0.129073
-0.615909
-3.39712
-1.33222
2.50012
1.14564
-0.69923
0.507587
-2.77021
-1.16519
-0.824343
-2.58669
0.350974
-1.40771
-2.08461
0.607934
-1.20852
-0.954829
2.21871
-0.453014
-0.602449
-0.159964
-0.754701
-2.24765
-2.78416
-0.360765
-1.51045
-1.65744
-1.79836
0.865915
-1.75114
-1.01689
-1.82209
1.08214
2.37151
1.14785
-0.551153
-3.19023
-2.97829
-3.11616
1.44766
-0.653678
-3.9562
0.579458
-0.766066
-0.777978
0.566738
1.02876
2.65858
0.927627
2.40781
0.437507
-3.89108
-0.335395
-1.08719
-2.73356
0.46792
0.171627
-1.45714
2.00699
0.252208
0.725795
2.95935
-1.59365
2.16128
-0.694038
-0.508911
-1.14093
-0.729689
0.378932
0.382213
1.64959
2.78752
3.97836
1.11969
-1.77412
-1.16223
-0.79293
3.94726
-2.0518
0.306423
-2.25723
3.01881
-3.67771
-2.01541
-0.412506
2.26017
2.50006
0.119112
3.19522
-0.107987
1.59759
0.833955
4.58886
-2.43325
-0.0993365
-0.744327
2.26322
3.39344
-2.41624
1.48669
-1.73863
-1.27527
0.468167
1.48389
-2.79554
1.42898
-0.321911
-1.90728
-1.65023
0.217891
-0.608658
0.702138
-0.843156
-0.238117
-2.29514
1.74031
-0.0776573
0.949408
3.92559
1.26908
-1.56643
0.243611
3.05606
3.68277
0.412258
-0.240695
-1.00614
2.0074
-0.38673
-3.3006
2.07647
-0.471181
-0.416992
-1.56217
-0.0413002
-3.93692
-2.15568
-0.455577
3.07556
1.36368
1.00327
2.3215
4.63707
1.03068
0.333943
0.837561
1.23448
-0.092198
-2.33136
-1.7591
2.41413
-0.226693
-0.208438
-0.25671
1.80273
1.17108
2.00019
1.92682
0.316611
-1.04752
-1.18116
-1.98969
1.31581
-1.34334
2.89263
-0.44535
0.509262
0.522462
-0.86
1.86149
2.91238
3.95983
-0.559118
-0.817628
1.19506
2.42604
1.17058
0.42627
0.465392
-0.0947402
-0.673798
-3.05857
-1.85796
-3.03641
0.487738
-0.314178
-0.267841
-2.81016
2.41711
-2.60713
-1.56648
-0.748641
-0.755732
-4.07771
2.39867
-1.60484
-2.60469
-2.02678
-1.02245
1.6068
0.912087
0.952513
1.55251
-2.79503
3.43336
-0.499807
0.598271
1.06195
-1.98995
-0.288789
-4.18916
-1.55866
-0.690592
2.39299
-0.831364
-3.37786
-1.94403
-0.65359
1.84114
-0.101111
0.706018
-1.85521
-1.01227
-1.44645
0.906854
-0.706393
-0.422236
0.867469
-0.689707
-2.47279
-2.65914
3.25549
2.41373
3.70178
-1.9249
-0.38
1.84812
-1.2461
-0.749057
0.562089
1.79861
1.34866
-0.150954
-3.24179
-1.31563
0.150164
3.04172
1.18016
-0.622779
1.63681
1.02329
-0.579995
-0.595746
-1.77441
-1.64895
1.03271
-1.42393
0.167631
1.70571
-0.618865
1.93899
0.612108
-4.64051
-1.9114
-2.20411
-3.00718
-2.34327
1.55421
1.20843
2.38856
0.812827
3.34832
-1.56112
-0.0575214
-1.92416
1.80475
-1.44941
-1.74033
-0.790962
0.137161
0.91368
0.0586368
-2.20183
0.814753
2.301
0.848118
0.481102
-0.0399113
-1.26123
-0.455667
-1.25938
-1.00184
-3.39715
1.09608
2.15492
-2.57167
-0.584147
2.95512
1.88126
2.08346
-0.312244
0.27137
-0.742183
1.05444
-2.70636
1.04702
1.86929
1.35643
0.115185
0.508405
-1.37334
2.326
-1.34178
0.239855
0.955708
3.68194
0.273987
0.846768
-0.986031
-0.315159
-0.634083
-1.47473
-0.931172
-1.83097
-0.602214
2.73271
-0.796875
2.39582
0.758236
2.14713
-1.54184
1.36452
0.41135
-1.70807
-0.536075
2.53715
0.326889
0.160066
0.703359
0.191449
1.40828
3.84063
0.20276
-0.279748
-2.11453
-0.848496
-0.944142
-1.5696
-0.189037
-1.82599
1.59306
4.14997
0.896645
-0.446113
-0.192689
-1.1783
-2.05184
-0.736649
-0.879063
-0.632021
1.43312
-1.34072
-1.33303
0.874671
0.470675
1.94925
1.53138
-2.25837
-0.158444
0.350216
-1.14221
2.858
-0.139518
-3.84728
-0.711748
2.1247
1.50419
0.563656
0.171013
0.593533
0.0987642
1.8127
0.592771
-0.944243
0.0972762
-0.0444364
-0.146515
4.42649
-0.464195
1.99317
-0.367203
2.91767
-1.42602
3.49155
-2.49075
-1.97872
3.96376
2.10798
0.807321
2.09525
-3.10728
2.69863
2.94693
1.86031
2.88317
3.26531
-0.688275
0.64169
4.53452
-0.456036
1.83974
-1.29332
3.51055
3.40091
4.81906
-0.310379
0.913432
0.858389
0.281562
2.45563
2.37471
2.13286
1.20144
-1.0622
-1.17721
-1.41998
2.5001
3.97071
-1.20453
2.32366
3.51772
1.19895
-0.869873
-3.06683
-3.20933
1.90154
1.35334
1.46105
-1.25006
2.91213
0.824424
-1.16989
-3.1861
-2.22658
0.744718
1.90473
2.7923
-1.33025
1.18689
0.394734
-0.577708
-1.60575
3.27379
-0.230673
-0.182975
1.41717
3.06191
2.0563
0.267821
-0.0464266
-3.65932
-0.0533394
-1.00308
2.46242
1.21344
1.63066
-1.01597
-0.735881
-0.620883
1.00379
-0.582804
-0.0497856
0.151311
0.462548
2.10433
-0.389376
2.78624
2.67765
-0.627603
0.351434
0.147052
-1.68105
-0.488514
3.29345
-3.26238
-3.38821
-0.783567
0.260238
-0.254248
-2.10813
1.93001
1.77085
0.787391
1.42233
-2.92039
2.40622
1.86774
-1.58287
1.13658
-0.50462
-2.79404
-1.70357
-1.46281
-0.177337
-1.88162
0.609742
2.6755
0.396632
0.715795
-1.37132
1.00645
0.866581
-1.22632
-1.35597
1.45941
1.04996
2.27154
-1.75133
-0.148797
0.88578
-2.34433
0.296546
-0.768047
-1.5575
-0.949769
0.875531
-2.02683
-2.00854
0.419499
-1.66146
-3.47422
0.872857
-1.23086
1.67176
3.03382
1.43683
-0.00838285
-1.2605
-0.515686
-1.79318
-2.5034
-0.916016
0.631807
-1.65489
-1.80644
-0.727531
-2.63397
-3.69251
-1.78543
-1.48135
-0.984092
0.266357
-1.74965
-1.53265
-0.370644
3.03125
1.64934
0.713984
0.19887
-1.17258
0.0134329
-0.455692
-1.42803
-2.35726
-3.50498
-1.8145
-4.2484
-0.264878
-1.24878
-5.38333
-1.12941
-0.668612
2.34499
2.21049
-2.51248
-0.238896
-1.94071
0.935316
-4.49144
2.13184
-1.53573
1.36325
-0.00285218
-0.89348
1.33536
-4.97832
-2.36328
0.590152
-0.754264
-0.713015
-0.911899
-0.0650711
0.821376
0.34326
-2.56934
-0.954227
-3.2149
-0.510168
-0.885893
1.01659
-1.07709
0.0320453
-1.89734
-1.4188
-0.912111
0.567519
-1.79332
0.60233
2.50483
-2.92741
-0.139988
-0.397563
-0.545388
-1.95266
2.30533
-2.10422
3.68064
-0.769945
-0.942178
-1.85854
-1.9276
-0.806353
-1.58671
-0.968794
0.0134764
1.31111
-0.998859
-2.85172
-1.29922
1.30287
-2.06295
0.0350203
-0.103497
-2.30839
1.20995
-0.513936
1.13844
0.385075
0.853651
-0.458292
0.915928
-0.860212
3.15109
-0.683772
0.982264
-1.97846
-0.631147
-3.45597
-2.5534
-0.837021
-1.53819
-0.367559
0.235259
0.741172
0.15444
-2.74548
-1.38319
0.668063
-2.58883
1.86653
-2.29893
-1.04749
0.443132
-0.103363
-0.880214
-0.92491
1.20924
-0.290584
-0.501736
0.915096
0.373768
-3.99743
-3.17007
0.269788
-2.01595
-3.57103
-2.7928
-1.17546
-1.15065
0.0865372
-0.505256
-2.82313
0.446208
0.88482
0.822931
-0.133097
2.40857
1.64971
-0.786514
-0.133945
2.91257
3.33278
4.00363
-2.04747
-0.541898
0.794253
-2.03318
0.672456
2.57528
0.225958
0.742603
-1.69085
0.624672
-0.072946
-2.61825
-0.483412
1.87804
-0.799092
-0.453038
2.90659
-0.135329
2.63262
-0.443811
1.99364
1.60507
1.38605
3.40427
0.98581
3.99607
3.08876
4.28621
1.30664
-0.349928
-3.1569
2.26085
3.33083
-0.0730285
0.119923
0.0814848
0.223576
-2.73116
0.281472
-0.456763
-0.273128
2.39438
1.00778
3.07154
0.809902
1.16293
2.44955
1.57027
3.8263
0.658137
3.44237
3.05567
0.321877
-0.215452
4.01277
-0.280084
0.00353571
2.06385
1.69636
-0.274907
-2.08769
-0.649042
1.26111
-0.389075
-0.994779
-0.602111
0.123855
1.94343
0.282114
-0.399825
2.77711
0.43558
3.11151
1.48383
1.91497
4.28321
1.52058
1.57069
0.784505
0.793481
2.60752
1.86785
-1.14798
0.436694
-0.026802
0.336451
0.0361025
0.240677
1.99376
2.30515
2.41127
2.0583
2.25522
3.17001
1.22329
-1.26352
2.46681
0.508096
0.944658
1.15839
4.71269
2.23123
2.59072
0.417758
-0.859931
1.85874
0.331823
0.278545
0.469065
-1.0345
0.756263
0.227219
2.06656
-1.95788
-0.00636796
-0.786231
-2.3546
1.52175
-0.279322
-0.58658
-1.08154
-0.502738
-1.90689
1.12334
2.85722
-2.74506
-0.185624
0.500819
-1.81749
0.0408768
0.536196
1.06997
-1.55076
0.452339
-3.44397
-0.899984
-0.285785
-4.85464
0.378873
-0.92901
0.0363195
2.95698
-0.945201
1.93985
-1.28624
0.993002
-0.143721
1.23826
0.83055
-0.967759
3.28777
3.91911
0.68793
0.268856
1.14995
3.86077
1.69338
0.876204
1.03291
-1.14564
-2.99915
2.30578
-5.79338
-0.521581
-0.813739
0.754313
1.37288
0.363973
1.6521
-2.45071
1.37269
-0.126944
-0.282384
0.5319
-0.891924
0.838862
1.41511
-0.536757
-2.13489
0.17504
1.2872
2.54429
0.0595836
2.3843
1.8058
-0.837263
1.95872
1.04222
-2.36452
-1.66385
-1.67716
-1.78336
-3.67379
-0.242371
-0.121496
-0.308069
0.861485
-1.19272
1.2996
-0.251849
0.909129
-0.517405
1.48316
1.10723
-3.28356
0.434386
0.668999
0.260857
-0.0648676
0.0747407
-0.215563
0.0229806
-0.462911
-1.87034
0.714688
-1.01484
0.142721
2.07048
-0.265659
-2.22418
1.8367
0.683924
1.64569
-2.01397
-2.49123
-2.85444
-3.59261
-1.74557
-1.75556
2.63077
0.12448
0.912757
0.882326
-0.314737
-0.911869
-0.117433
0.7952
0.204728
1.6156
0.0785804
-0.528436
0.39158
-1.18239
-1.56066
0.960584
-0.649641
-0.322151
-2.77839
0.189513
3.87189
-1.85922
-0.888084
2.14378
1.24619
0.157462
0.830664
-4.26661
-1.1728
-3.47436
0.457689
-4.93599
1.03559
-0.103314
-1.85624
-0.439967
-0.296985
0.475375
0.162573
-0.845488
-0.443594
-1.27204
-0.79682
-1.56086
-1.94981
-1.15408
-4.95773
-3.27901
-2.19522
-0.842568
-0.54702
-0.102685
-0.675855
1.09185
-2.21942
-2.08278
-0.823725
-4.91983
1.37949
5.26783
-2.5722
-3.21893
0.103692
-0.273437
-0.738438
0.309695
-0.579102
0.75206
-2.87339
0.315284
-0.402592
1.59189
0.55705
0.184351
0.572293
-2.24062
0.00131635
-3.69525
-2.1688
-2.53573
-0.52225
0.513904
1.05282
0.817989
-1.36495
-0.186182
-2.37282
-1.16107
-0.490522
-2.19985
-0.0569784
0.953592
-3.09162
-0.156274
-0.19417
0.798907
0.0802671
-2.28882
-2.05988
0.244774
0.94284
-1.52623
0.861452
-1.82035
-0.0184746
-0.979318
-1.25321
0.971432
-1.84884
-1.55949
-1.81674
-2.60325
-1.27174
-0.211263
-0.835998
1.27543
-2.17615
1.47353
0.36932
2.81436
-1.65623
-1.60042
-0.505555
-3.52948
0.4335
1.29245
0.805313
-1.82499
2.10753
-3.70496
-0.755436
-1.83085
-2.44891
-0.507868
-1.27771
-2.57507
-1.58825
1.46634
0.282914
1.89012
1.69136
-0.048326
-1.31315
1.26665
-0.932125
0.72486
4.51303
2.00413
2.92116
2.36237
-2.50869
0.598616
0.864553
-1.86309
0.639951
-1.15444
2.16461
0.808193
0.627018
-0.938172
2.99334
-2.44744
0.302061
-0.388437
0.22768
1.93116
-0.188259
1.43153
1.56461
0.546813
0.221568
2.3823
1.91921
3.11015
-1.48889
1.84408
-0.112675
1.69282
-0.784903
-0.811119
3.10079
1.06026
0.760646
0.829063
-0.527785
-1.01775
2.86429
-0.411606
-1.43574
-0.198603
-2.15239
-0.986525
-0.242141
-2.52315
-4.09862
-0.288227
-1.01432
2.85174
1.94761
1.01362
1.16154
1.04578
-1.70796
1.22423
-0.783519
0.587708
0.546263
-1.14649
-0.897136
0.120013
1.61798
4.0923
2.64109
-0.93741
-3.36696
-1.32154
5.80009
1.38677
-2.7544
-0.775561
-1.44115
3.14813
2.34384
2.11569
0.255396
0.364736
1.24944
0.602706
4.37275
3.14837
-0.662484
2.44001
-1.21491
1.81389
-0.988738
-1.5914
1.43371
-0.261511
0.261848
-0.486248
-1.74019
-0.34954
0.176568
-3.10737
-3.10042
0.789407
0.347354
1.33692
-0.113838
-0.889822
3.01861
-1.95009
1.5271
-0.355555
2.04701
0.23751
-0.358347
0.906312
-0.730115
-0.993836
0.694882
-1.50622
1.82979
-1.21675
0.889894
-1.30166
-1.01583
2.09897
0.259442
-2.18179
-0.295288
0.979671
2.02896
0.651366
-2.85395
-0.3436
-0.216471
0.976082
0.403823
0.533993
1.35828
2.72398
-1.59945
-0.162949
-1.63731
-1.30958
-2.14601
-3.03758
-2.78174
-2.07932
0.637178
-2.59865
1.34561
-3.1153
1.19081
-3.2153
0.600501
-2.81952
-0.666031
-1.11243
0.679244
2.58647
-2.76215
2.60498
2.69905
1.58433
3.69219
1.72293
-1.09515
0.602289
4.54383
-0.606526
-0.877922
1.4052
-1.81069
-0.923698
0.926132
0.552325
-0.40838
-1.10559
-0.566635
1.52337
-0.537288
-2.54442
-0.475792
-0.257581
1.18959
-1.27939
-0.423282
0.0829289
0.879213
-0.880566
1.03347
0.576756
3.69682
0.818332
-1.59587
0.360014
-0.974265
0.860054
-3.27318
-3.35691
-2.39638
1.39467
-2.40609
-0.105222
-3.21266
-2.562
-0.688659
1.4936
-2.44509
1.50517
0.669716
-4.88475
1.3734
-4.28858
2.95137
-0.12875
0.964887
0.359097
3.01952
0.0139474
-0.283689
2.38248
0.826774
0.0779238
0.64754
2.02008
-0.16698
-0.21847
0.0463716
0.369786
0.806175
-0.333959
0.426294
-0.425894
2.51356
-0.464303
-0.435407
0.468915
0.185385
-0.0564963
-0.739256
2.6193
2.42592
1.77279
-1.01243
-0.0042401
0.893794
1.63028
-0.0407925
1.87469
-1.3618
2.08339
-1.97974
2.59694
-2.01478
-2.41065
2.28406
-0.398702
-1.03721
1.71348
-0.0157549
0.832493
0.214978
0.976415
1.11959
2.25225
-0.141196
-0.309838
2.28591
3.56171
-0.647162
-0.82156
0.742706
1.44046
-1.75886
-0.2389
0.101369
1.93087
-1.947
-2.58729
-0.157378
1.26636
0.481361
0.642404
1.96454
0.458922
0.772778
-1.28742
0.967125
-1.30052
3.0045
0.839032
0.042244
-0.451707
0.369753
-1.14836
-3.06398
1.53096
-0.0897116
-1.97293
-0.910421
-1.05214
0.455781
-0.958412
-0.246236
2.93594
0.577686
1.31652
3.13794
-0.782511
0.683551
0.181524
-0.760403
1.50946
-1.16276
1.28862
-0.938413
-0.58794
1.23955
1.52016
1.80634
1.73929
0.227172
0.613835
-0.595085
0.484603
2.7551
3.61995
2.97975
0.379379
2.73906
-2.20876
2.3781
-1.96676
-0.0123262
0.830496
2.4085
-0.674134
0.989351
1.58931
2.16521
-0.774138
1.14632
-2.1198
-0.172646
1.58141
2.23418
1.04114
2.96682
-1.16248
-2.15873
-0.482266
-0.122455
-0.0328337
0.351231
0.694276
0.266808
0.74068
3.49239
1.16026
1.07942
1.76594
1.32443
-3.09605
-0.304538
-0.068821
-1.57075
1.72081
0.647395
-1.1789
2.52878
-0.458027
-3.38428
0.570882
-1.44121
2.75115
1.46002
-1.37487
0.368531
1.90546
-0.094292
2.77712
1.20694
0.00129623
1.6332
0.532949
-0.911936
0.457078
1.48573
-2.60621
1.30708
0.822124
-0.175125
0.0325531
-0.989656
0.722069
2.34378
-1.58844
0.271366
1.93408
-0.234913
4.52435
1.20917
-2.17516
1.47311
1.67467
1.66752
-2.14769
-0.839805
2.82338
0.287578
0.920974
-2.82199
2.45197
1.90877
3.6141
-0.86893
3.01349
0.980851
0.15749
1.95076
0.191416
-1.39801
1.94856
0.411419
1.44876
-1.25446
-2.49729
-1.06126
-1.02325
-0.186495
1.38552
-2.63325
0.86851
0.296847
-1.14128
2.28214
0.0503575
-0.73099
-1.07736
-0.71235
2.11524
-1.48449
2.64845
-0.0165937
-0.228142
3.7748
-0.278233
-0.831901
-0.296925
-1.58368
-3.16333
-1.83213
-3.75201
-3.0978
-4.58615
1.27926
-0.991036
-0.258365
0.532005
2.06249
0.0228493
-2.68597
0.488503
-2.20485
3.80757
-1.43195
-3.62014
-4.36198
0.646446
-1.23759
4.97406
-2.42773
-1.32715
0.405543
-0.947917
0.065023
0.566599
1.68348
2.07743
-0.890652
-1.98175
-0.76868
0.601573
-1.31255
-2.04527
-0.782812
0.495114
-2.53252
1.27994
-0.612032
-0.995682
4.05177
-1.21833
1.01232
0.0774445
-1.61254
1.4031
-3.23118
0.113277
-0.435195
-5.06145
-1.523
-0.658521
-1.43569
0.42786
-2.74399
-0.685286
0.905468
-0.795437
-0.333247
-4.44074
-0.331845
0.077486
-1.06919
-4.38508
-1.24226
0.464607
-1.0045
-2.49574
-0.0213998
1.70739
-0.509655
-2.22356
-2.5593
0.408942
-2.8146
0.922107
0.136705
-2.92969
-0.908106
0.397272
-3.62351
-1.12546
-2.05094
1.62982
-3.29838
-0.771813
-2.82908
0.676901
-0.60712
-0.263902
-2.29993
-3.20023
-2.89371
-0.851859
1.91608
-0.00179065
-0.65626
4.0702
0.0144312
-0.560973
-1.03925
-0.453577
-1.52182
-1.76914
-1.17234
-1.3595
0.18067
-6.18263
-1.10625
3.75307
-2.80634
-1.41973
-1.94408
-1.29692
0.852381
3.54271
-4.69098
-1.75658
1.6426
-0.738053
-0.342423
2.04269
-4.49719
-1.53374
-1.48187
1.56482
-3.14687
-0.538956
-0.980014
-1.82543
-2.4318
-4.83559
-3.42283
-0.164488
-3.08865
-0.566691
-2.41863
-1.6137
-1.87674
-0.42656
-1.02023
1.82974
0.290408
0.767978
-2.7956
2.13579
0.31744
1.78518
-0.244236
1.00359
0.829035
-0.288345
-3.47858
-1.09348
-2.71871
1.35818
0.0776666
3.79508
-0.933279
-2.31111
-4.04968
-2.33351
1.70907
-1.98015
1.2346
-1.16312
-0.297888
2.27278
-0.402246
2.48905
-0.0343645
-0.182794
1.30687
-0.00235096
0.992107
2.20662
0.510581
2.61127
-1.22912
0.12357
-0.817372
1.20431
0.154677
-0.148264
0.0780218
1.6317
3.34738
-0.770448
-0.536887
0.940794
-0.172851
-0.00855349
1.5917
1.00766
0.260767
-0.0958298
-0.206986
-0.532716
1.52767
4.3591
0.588034
0.282226
-2.06123
4.24772
4.64053
2.47166
-4.82917
-0.236584
1.63556
0.796206
1.37941
-3.35293
0.246245
-2.37051
-1.25337
-2.40152
-0.79116
3.08458
0.466205
0.472011
5.02862
0.574157
-0.916699
1.96384
3.29594
-0.31992
-0.794504
2.87198
1.3823
-1.20703
-1.73787
0.650692
-0.694454
0.491178
-1.55191
4.0522
2.10527
-0.739996
1.02174
1.26494
0.9235
-1.43302
1.60012
3.74384
2.5292
1.46969
0.814876
2.25848
0.265705
3.00282
3.35812
1.86266
2.67302
0.787918
3.29739
1.21809
0.0881241
0.914002
0.60262
2.34732
2.34948
-0.711443
2.38568
-1.04013
1.64484
-1.93992
-0.0459049
0.847073
0.085217
2.71002
2.03711
-1.17956
-0.245146
-1.10657
2.97746
0.213185
0.190755
1.13983
0.579986
0.144855
-0.906117
3.24204
2.74799
2.58968
1.4117
1.13547
2.13191
1.22258
0.190643
-0.814637
2.21404
2.25649
-1.0581
-1.48725
1.06418
-0.31301
0.537629
0.33342
-1.03042
3.89405
0.673644
0.48967
1.58965
-2.39261
1.43004
0.437919
-0.290076
2.84192
-1.10959
1.3005
3.18293
-2.08663
2.77222
-0.578973
0.260466
0.381779
-0.145692
-2.98081
1.82589
-2.43349
0.637341
-0.540067
2.0893
0.917862
-0.710106
1.45491
3.34027
3.2708
1.65152
2.67246
0.264263
-0.323272
-1.6605
0.537612
3.25464
1.47478
3.51578
0.79315
2.70894
1.28322
0.779208
0.275644
1.19562
-1.20341
1.50556
0.447055
2.17293
-2.28589
0.352538
-1.47657
-0.191224
0.81396
0.292683
-1.74435
2.37924
2.70388
1.95646
-0.477594
0.696415
1.76683
1.65484
-3.83087
0.322619
-3.03018
-2.7514
-0.165733
0.23033
-1.25941
-0.163416
-1.57054
-1.07184
-0.266255
0.402366
0.964138
0.621801
-4.29333
2.32663
0.00547568
-0.316094
1.35853
3.58469
-1.27107
-2.65471
-1.63981
-1.93607
-4.58818
-2.86273
0.97815
-0.984459
-0.0438097
3.48333
-2.46635
4.72952
-0.679469
-1.86921
-2.71197
-0.029336
-0.0963356
0.888736
-2.73671
-3.00524
0.799578
1.16163
0.124216
0.493497
3.71461
0.182531
-0.290357
1.37359
0.11023
-0.30404
-2.00437
1.88376
0.630475
-1.93846
-1.9183
1.26787
1.56639
0.0822741
0.0874182
2.79989
0.96957
-1.34
-1.44122
0.697105
-0.532549
0.147321
-0.350024
-1.11766
-2.20154
-0.357826
0.647066
0.511648
-3.97838
-0.896767
-0.801755
-3.14753
0.635835
-0.551815
-0.114268
-2.2021
-4.83923
0.481225
-1.88401
-0.341303
-0.145264
2.033
-2.21843
-0.964331
-0.080777
1.42789
-2.84793
0.365227
-0.580024
2.94387
-2.17255
-3.23698
1.02968
-1.75456
-1.56865
-2.01416
-3.30936
-0.612657
-0.961937
0.674577
-2.79168
0.958506
-0.939406
-1.74079
-0.995488
-2.4014
0.717807
2.0907
-0.23961
0.503911
2.78926
0.978452
-1.21939
-1.96213
0.499976
-0.714738
-2.9139
-0.701039
-0.976796
1.17948
-2.30779
-0.0233618
-0.0539926
-1.33625
-1.41359
-2.57951
0.0393039
0.249819
-4.66103
-0.980525
-1.63402
0.606515
0.636006
-0.180721
0.818814
-1.21468
-0.236937
1.91952
0.689927
-0.136157
0.0193716
1.61163
-0.912759
2.18557
-1.62631
-0.0305373
0.0869283
-0.237893
-1.37241
-0.371182
1.47481
1.56359
-0.900862
0.0686208
-2.58413
-1.19026
-3.97108
0.657782
-2.095
2.34954
0.318804
2.28863
-0.809293
0.147623
0.280382
0.127014
-0.762996
-0.460537
-0.167044
0.459049
0.981212
-1.81021
-0.222542
-2.08891
0.788066
-1.38568
-0.264163
0.658559
1.88599
-1.523
-0.645228
-4.07598
0.179689
-1.19287
-0.358305
-0.0158727
-1.85157
0.478118
-0.757334
1.95655
1.36508
-0.434193
-1.0107
-1.20983
-1.75545
1.77644
1.77383
-0.92904
-0.657052
-1.04981
-2.03306
-2.06659
-3.59144
3.7833
-2.84039
-0.181304
2.8799
1.81432
2.61562
-4.162
-0.113023
4.05962
-0.513461
-0.0343341
-0.229208
-2.54509
1.65444
0.249161
1.26834
0.539651
2.08829
0.746837
2.01711
0.197439
-1.99395
1.08063
-2.24891
-1.12128
-0.709616
-0.647147
0.0275178
-1.46997
0.149022
0.164084
-3.76381
-0.793936
-0.872785
1.24956
1.39118
2.1364
4.30416
2.75815
2.01045
0.967464
1.80419
-2.68963
-0.846272
3.90698
-0.662078
0.77348
-2.93221
-0.868808
0.762029
-1.14197
0.5291
-1.83747
-1.91193
2.68047
-0.329669
0.259082
-1.35495
0.409867
0.105956
2.78528
0.784117
3.30122
1.8379
-1.37223
2.63072
0.746842
0.796327
-0.0439591
-1.01354
-0.98202
-0.467373
-2.85805
-1.78583
-0.737774
-0.174611
-4.31391
0.541471
-0.637456
0.186514
-2.86101
-0.645894
-0.33266
0.728811
-1.88788
2.25991
0.738103
1.6314
-2.31225
3.9917
-2.40226
0.160573
-1.71934
0.155291
1.4042
0.456938
0.219476
0.697388
2.12154
-1.1233
-2.36983
0.483479
-2.27988
-3.01049
-0.645137
0.890137
-1.40177
4.05913
1.9917
1.4854
-1.06805
-1.95546
2.22415
-2.24927
2.92612
2.02749
-0.0274458
-1.52523
-0.915855
1.08317
-1.40806
-1.06303
2.90409
-0.216448
-1.3694
0.049868
-1.96587
-1.53375
0.0114605
-2.1856
-0.690558
0.620561
2.09464
1.88664
-1.20106
-2.59442
-0.492123
0.345608
0.9024
1.13076
0.991596
-1.91434
0.834233
-0.13368
-1.39674
2.90536
-0.428714
-0.768447
1.03044
0.888742
-0.092566
-1.06887
0.929294
0.14643
-1.15143
-1.28461
0.798279
-0.19592
0.131015
-1.98999
-0.24062
3.40212
-0.468237
-2.80091
3.53492
-2.56479
-2.63399
2.06459
1.13531
0.799707
-0.229287
3.1988
0.976623
2.41128
-0.517212
-0.1771
0.941766
3.33209
-0.869495
-1.84517
0.0148691
-2.82804
-0.990165
-1.11528
1.91079
-1.7693
-4.60587
-2.0224
-0.637069
1.93663
2.20936
-3.19841
1.54183
-0.0207067
0.77869
0.318144
1.41948
1.07596
-0.837391
1.26652
1.85033
-3.35595
0.428911
-1.15114
-0.126616
0.234122
1.24487
-2.36902
-1.69077
-1.88632
-0.612903
3.1977
0.523614
-1.70014
0.746986
-0.768208
2.7021
-0.419925
-1.13623
-0.907747
0.88103
-0.430828
0.478371
1.71826
0.143153
0.857683
-0.710031
1.45841
1.42628
0.93257
-1.8252
0.529628
-0.447787
2.00045
-1.09788
1.54157
-1.14576
1.76088
0.436655
1.91361
0.238392
1.88903
0.118805
-0.756039
1.31267
1.27463
4.84849
3.47224
0.504854
1.93822
-0.71089
-2.07093
2.57573
-3.64561
-0.913838
3.0812
-3.529
0.137921
1.03192
-0.828818
1.24702
-0.25265
2.60927
1.56967
-1.8823
3.3517
-4.67402
-1.74832
2.48958
0.778298
4.13046
3.05044
2.81601
-2.15428
-0.216676
0.999546
0.899684
-0.566414
1.58929
-1.26636
-0.231246
1.42235
-0.746256
0.767281
-0.842407
-0.101038
0.826746
-0.226539
-1.88987
3.03116
-1.07265
2.45172
3.10286
-1.55227
-0.042388
0.813104
1.203
0.294065
1.91627
-0.407935
0.333025
0.687831
-0.0739461
0.178658
0.819154
1.59843
0.0652456
1.68044
-2.02175
-0.06796
-0.453528
0.532086
0.9674
-1.01729
0.493088
0.740777
-0.368195
-1.2658
1.38545
-1.50666
3.22929
-0.186732
1.18123
3.73738
0.986112
-0.322232
3.47645
1.18414
0.228428
0.359888
1.87504
-0.168021
1.30856
5.41809
1.28845
0.596431
1.4891
2.68467
1.7457
-2.01271
-0.778207
-2.69578
1.18845
-2.26497
0.612664
-0.745883
3.705
-1.86719
-2.78745
-1.41664
2.29093
-2.58563
2.35797
4.99199
1.24436
-0.194306
0.649575
0.248728
2.89221
-1.66785
-0.0310538
-0.380011
2.14961
-0.760045
2.2498
1.29681
0.167375
-0.308349
1.80264
-1.1962
-1.09178
1.3307
0.183094
1.03772
-0.266218
0.0781099
0.27829
-1.19379
-2.27109
1.55921
0.278405
-0.266041
-1.50773
1.53804
2.20419
2.23913
2.04812
-0.445742
1.96323
-3.23571
1.31708
-2.23914
-0.554072
-1.45245
0.396109
2.93639
0.139776
-0.168501
-1.96593
2.62663
-0.925759
0.766788
-1.82366
-3.00358
-2.23429
-1.96253
2.69091
1.2202
-0.328816
-3.30389
1.91833
-0.696911
-1.21647
1.13313
3.55904
0.46922
-0.472253
-1.28309
-1.20097
0.585967
-0.664458
2.73616
-1.41066
-2.11186
-1.95947
-4.50538
-0.555722
-2.38447
-2.94615
-0.54817
0.644257
-1.66198
3.01382
-2.45329
-1.24469
0.929981
-1.00684
-0.768763
-1.97267
2.97619
0.715705
2.75336
0.13472
-1.60233
-0.304571
1.94061
-0.816479
-2.56257
-2.7196
2.34214
-2.2753
-0.566802
3.96434
0.555795
-2.73705
-2.26443
1.54197
-2.47315
-0.460488
-1.76238
-0.316606
0.555225
-0.127973
-0.907514
-0.121576
-2.12346
-3.44339
-1.25119
-2.75131
-1.29965
1.43549
2.99979
-0.912608
0.234415
-0.18358
-0.724334
-0.883256
0.605078
-0.804053
-0.563824
-0.873245
-1.85269
1.05593
-4.35866
-1.56652
0.455736
-3.42599
-1.02465
-0.212449
-0.752294
-0.102531
0.82433
-2.40359
-2.08289
0.255272
-0.993475
-0.443828
2.0885
0.732345
-4.33417
-1.39481
-1.19065
-0.340074
-0.392567
-5.42414
1.19114
-0.0789847
-1.67137
-2.75855
2.38642
-2.11309
-3.12523
-0.352023
-1.15155
-0.483795
-1.70596
-2.04984
-2.09345
2.16426
-1.63222
-0.968664
-5.09738
-2.4928
-1.73107
0.303767
-0.628334
1.47936
0.0669303
-0.699423
-0.498604
1.54864
-1.85449
0.530223
-4.26228
0.618147
1.5666
-0.503796
1.33554
-5.1043
-4.16007
-2.46773
-0.084645
-3.12447
-0.740205
-2.13848
-0.569212
-0.590303
-1.34079
-0.356159
-1.81073
1.83943
-0.29949
-1.22504
-0.216944
0.84109
-1.17114
-2.9358
0.0687647
1.79394
1.44263
0.876289
-3.11347
-1.8654
-1.85715
-2.37148
-0.00801307
-0.361353
1.25531
0.384375
-0.921361
-0.124955
1.73893
1.0785
-0.586701
1.98684
2.96657
0.242436
-2.4663
1.63122
0.782398
-1.62983
-1.54176
-1.51254
0.673708
-0.403492
2.75654
1.45162
-1.19837
-1.50806
-2.67888
-0.289279
-0.227851
1.45778
-0.684925
-1.29252
1.1829
0.84541
-2.84265
0.92312
4.52858
-0.702633
0.0261587
0.365573
-1.08906
-1.37849
0.508856
0.311686
1.70973
-0.731321
0.176234
0.673332
-1.32499
-1.72206
0.68791
-0.341351
-0.176452
-1.24367
-2.616
-4.11435
2.73768
-0.430494
-1.58178
-1.12552
2.43695
0.695942
0.194074
0.80365
1.03629
4.36732
3.15975
-0.266687
1.9249
1.45594
-2.2861
-0.579504
5.10385
0.434663
1.57286
3.60986
-0.214317
1.24963
0.052786
-1.09596
0.749464
1.60364
-0.0157858
0.965366
3.69802
3.39317
-0.237323
0.669631
0.689816
-1.20628
1.619
2.15448
3.05209
0.692953
-2.80303
2.956
-2.17777
4.40915
1.69095
0.477919
3.07657
-3.39111
-0.296339
2.38461
3.74918
1.70181
1.69402
1.03217
-1.0332
2.23405
3.05008
1.06973
0.204091
2.79322
1.36051
5.07007
4.05764
2.26397
5.77276
2.72557
-0.542343
2.22297
0.209283
1.14782
-0.620447
-0.70993
2.8929
-0.415807
4.11023
-1.02028
1.67606
-1.29658
1.58274
0.647301
1.91941
-0.738936
-1.01285
0.0969081
-1.61063
2.02208
-0.0364309
-0.478591
2.59523
-1.4862
5.91869
2.67725
1.48323
1.96147
2.6956
3.11175
-1.21959
0.390887
0.101208
0.928771
1.64368
-1.2875
4.72899
-0.159731
-2.78149
-2.1127
0.600987
-2.29855
0.642446
0.711024
1.76978
0.115472
0.911788
-1.68652
0.36328
3.71965
1.89583
2.5208
0.127119
-1.15016
3.38192
0.136416
1.75277
1.32032
1.02235
2.40301
-0.135275
0.586469
2.1878
0.749938
-0.11081
-0.604717
1.07776
1.76619
-0.297013
0.930693
-1.55949
0.818691
1.85852
0.410356
-0.374355
-0.0502407
2.64144
0.766327
0.97898
2.28278
2.96659
1.47949
0.0780764
3.53561
0.105583
1.42819
2.00235
-0.163568
-0.630333
0.957963
1.27672
1.9859
0.190225
3.73406
-1.20489
1.04207
-1.88768
-0.0383939
-1.20699
0.0758085
1.64366
1.9699
-0.23302
-1.80017
3.09185
0.591856
-0.81258
0.502418
0.91319
1.43641
1.23278
0.27009
-1.30791
0.149318
-0.661751
1.09559
-3.93257
2.27511
-0.343607
-0.225879
2.18938
1.1332
-0.386942
-1.17606
0.11828
-2.8108
-0.591863
0.713748
-4.0923
0.416943
1.27825
2.31602
1.9453
-2.04724
3.59308
-0.0774874
0.221619
-2.75378
-0.14913
-0.419192
0.627095
0.0305122
-2.31004
-0.0331533
-4.42318
-1.89612
-1.7442
-0.73483
0.203654
-2.05147
-0.758204
0.422872
-0.745978
-2.11515
-1.5769
-0.625406
-0.783334
-0.288809
0.0639315
-0.247743
-0.715907
-3.26645
-2.57412
1.23402
-0.596456
-0.394628
-2.31234
-1.1355
-2.3566
0.178424
4.33013
-2.33848
2.54037
-0.890751
-0.863528
-0.88302
0.127899
0.586559
0.065444
-1.23327
-0.700199
-2.21675
-1.03093
-1.95608
-0.308854
-2.2073
-2.67157
-2.86026
-3.12916
-2.36621
-2.71976
-4.06893
-1.34737
0.873634
-0.560823
3.8045
1.6467
-0.984509
-0.128013
0.569755
2.49294
-1.2044
0.369107
-4.03472
-4.52392
-0.866487
-1.46842
-0.423099
-0.29829
0.402233
-2.66663
-0.0676232
-0.285595
-0.899325
-3.15346
-1.2502
-0.849768
-2.9803
-1.88632
-1.43024
-2.20136
-3.38072
-0.749393
2.03014
-2.07836
2.42944
-1.03252
-0.480767
1.5893
-1.37612
-3.2826
-2.75637
-0.0235703
-1.67161
1.40928
-0.0399725
0.279023
1.75924
-0.282779
0.903391
2.94164
-1.8387
2.27259
0.0446924
0.526538
0.191666
0.50764
2.402
3.63636
-0.444428
0.968284
-2.00653
-0.814752
1.25756
-1.50791
0.880653
-0.397539
-0.600216
-0.639908
-1.96607
-1.9982
0.31265
-1.04461
1.1549
2.6538
0.75495
-0.253489
1.08156
1.43413
0.710721
-1.7139
-1.89809
0.619166
-0.869819
-4.14515
0.224731
-0.100238
-1.95802
-2.97867
3.47634
-0.252
-0.700753
0.754965
-1.92105
-1.11421
-1.30123
-1.4819
0.614015
2.04023
-0.172053
-0.715934
-0.621679
-1.36491
0.337888
-0.630299
1.92677
1.21683
-0.504801
-1.43462
0.16198
3.0387
1.94869
2.17497
-1.67043
1.40347
0.695666
-0.531714
1.90056
3.52285
3.1907
2.23932
-0.976203
-2.84719
-1.76107
1.01175
-3.4662
-0.208393
1.08207
0.421018
-2.19868
-0.6701
0.150078
2.31389
2.00778
2.3113
0.0206614
2.50726
0.582255
1.20763
-1.08883
0.786736
2.59319
-1.97508
0.879852
-3.57901
0.907675
1.31698
-0.171506
-0.448329
-1.34974
2.65149
1.70083
0.738442
-0.00584374
-1.39541
-1.54846
-0.743743
-1.44194
-0.544759
0.95097
0.3442
-1.84825
1.21839
0.842552
1.97384
0.333202
0.278999
-1.73675
2.9955
-0.441379
2.26676
-2.84558
-2.12466
-0.705319
-1.79564
0.518203
1.09661
-2.22807
-0.170905
-0.250482
-0.636762
-0.993648
2.35479
-0.311493
-1.22672
-1.59747
0.864608
4.30583
2.3721
0.785821
0.449495
1.77016
0.580217
1.95794
1.45971
-0.013689
1.62999
1.37857
-0.750386
-0.271132
-3.46829
-0.953626
-1.99769
1.7921
-1.58296
-1.4869
0.183973
0.221275
-0.416542
0.13066
1.38295
-0.480997
3.16879
0.899998
0.545094
2.00383
3.14575
-0.328858
1.89813
2.63429
2.42742
0.0290147
0.129007
2.74923
-0.103908
0.657265
-1.13783
-1.31278
-1.15378
-0.130321
-3.34288
-2.43493
-2.28646
-0.474998
-1.59999
-2.66816
-0.452518
-0.133501
0.532219
2.19658
2.15682
-0.445603
-2.60934
-1.34089
1.8874
1.13967
1.58224
2.29982
-0.801047
2.67593
1.03205
0.296709
-0.216342
-2.04779
-1.80564
-0.668395
0.379879
-2.34303
1.21563
-2.40678
-0.765921
-1.56106
-0.454117
-0.47984
-2.03456
2.37399
0.326347
-0.600704
0.392037
-2.57649
0.954033
5.13987
1.87542
0.559731
1.33243
2.15317
-2.59998
0.350121
-1.54778
-1.55923
-0.395549
-1.24574
-1.11295
-2.19806
1.49291
-1.42351
1.9279
-2.79131
0.800811
-1.6733
-1.95098
-0.328279
2.27956
-1.43014
1.30073
-1.00207
-0.211703
3.60912
1.36406
1.54441
0.959332
-0.813102
-2.69503
2.27517
-0.161654
-2.28137
2.17457
0.995079
-0.610939
-1.37069
-2.37644
-1.93452
-2.0788
-2.53327
0.29201
-3.46193
-0.705017
-1.27083
1.25443
0.99802
0.512382
0.272646
2.06829
-3.09121
1.9007
-2.79272
-0.739771
-3.49427
0.671066
-0.342895
-2.73001
0.0254561
0.508063
-0.311785
-1.6414
-0.0264519
-1.84169
-2.16155
-2.35415
-0.941929
-0.542696
0.0509405
-0.650301
1.25051
2.25448
1.45927
0.466861
1.12551
1.32292
1.28781
1.60287
1.41437
2.45096
1.9191
0.153673
0.363953
0.678502
0.234464
1.08276
0.78221
-1.20994
-0.980591
1.77973
0.53923
2.15825
1.39612
3.18265
0.0889114
0.156947
0.466561
-0.372626
2.96177
-1.76178
0.427323
1.44503
-2.89995
1.73096
1.00601
4.44198
3.42868
-1.4801
2.84724
-0.767338
-2.16082
0.0851858
-2.5911
2.03796
1.22257
-2.34705
0.541675
-0.701107
-1.04011
1.17529
4.1112
-0.106016
-1.02416
1.06923
-1.03965
-0.898183
-0.471075
0.00328326
0.573373
0.869399
-0.236902
0.0499707
1.02454
-0.223535
-0.743515
-0.681113
2.37961
1.06301
-0.69578
-0.839878
-1.34271
2.28567
-3.15739
-1.71117
-3.77914
-1.98802
-2.25726
1.97663
0.536776
-3.52179
0.316042
-0.101494
-1.12199
-0.682856
0.783297
2.07933
-0.373093
1.59316
-0.913617
4.86408
3.2636
2.42631
1.05679
0.246837
3.75224
1.85644
-3.30452
-3.22481
1.92691
1.17485
-0.16332
1.77068
-0.250065
-1.83341
-1.46865
1.71205
-2.636
1.62265
0.565469
3.00499
-0.0900895
1.23596
1.45821
-0.46607
-0.775153
0.575092
0.527703
-0.905805
-0.765415
-0.195684
2.88427
0.706496
0.743796
2.37669
0.80679
-1.21952
0.656084
0.788249
2.41082
-0.725528
2.62349
3.19217
0.689083
0.00312738
2.18376
-2.51837
-0.545029
1.28822
1.10748
1.11115
-0.540901
-2.0829
0.20888
-0.563564
1.08233
-0.28636
-2.8129
0.105672
1.96203
0.443165
-0.681458
0.782505
1.57276
-2.9013
0.158569
1.83974
0.272722
-2.67023
2.12128
3.11198
-1.26155
0.532722
-1.67483
1.2527
2.1511
-1.42148
0.208567
3.21739
-0.190488
-0.548452
-1.8791
0.0878399
-2.75151
1.3548
2.78054
-0.492631
1.03235
-0.683407
1.53937
0.25698
-1.30875
1.74158
0.406025
1.36808
2.01566
-0.732106
2.83796
-0.520522
-1.99485
-0.821902
1.14902
0.739567
-2.79606
-2.81498
-0.371173
2.41351
1.70027
-2.99224
2.26284
0.815584
1.22022
2.01462
0.595599
-2.0772
-1.41732
-1.51544
0.0409361
-1.15481
-1.31044
-0.453341
0.487594
-2.82222
2.14589
-1.22789
1.29539
-1.60561
-1.86387
0.272054
-2.03755
-3.69307
-1.46947
-0.959322
-0.509114
-1.53412
0.684394
-1.312
4.57421
-1.17045
-3.44134
-2.18342
-1.9466
-0.934575
-0.385494
0.149852
0.418782
0.594871
-1.51391
-0.696205
-3.28387
1.19894
-1.0301
1.55276
-1.6779
-3.70225
-1.35896
-1.84671
-3.15122
-2.30476
3.1626
1.98275
1.35167
1.28018
-0.948701
0.302827
0.211826
1.91777
1.42348
1.28431
-1.07274
-2.17412
0.630292
-2.51621
-2.17374
-2.05375
1.27445
-3.62247
0.271842
-0.13212
1.47676
-4.03723
-2.04814
-5.93741
-1.13509
-4.99967
-0.596908
-3.0799
1.13885
-1.07633
-1.28209
-0.639632
-0.986644
-1.60515
0.102802
-0.123776
-1.07251
-0.504261
-2.19384
0.696543
0.15035
-1.22771
0.633593
2.52442
-3.23971
-5.15937
-2.34154
-2.35544
-1.59572
-1.93706
-0.679169
-2.52807
-1.13213
-2.34207
-1.34251
-0.571609
-0.223666
0.470871
-2.35798
-1.48654
-1.67148
0.865403
3.03848
0.670381
-2.04919
-0.068097
0.119214
1.46745
-2.16398
-0.816574
-0.0366906
0.566001
-2.68064
0.570303
-0.697687
-2.07434
-2.05004
-2.34161
-0.293054
2.10744
-0.832077
1.66518
-4.05382
3.27587
-0.880647
-1.22745
3.28255
-1.78334
0.546192
1.54525
-2.67022
-1.73689
1.14934
-1.12465
-3.04695
-1.9645
-2.72241
-0.313102
1.03369
-3.50652
-1.85784
-0.191352
-1.96322
-1.14493
-2.91898
0.185625
-2.76712
0.481642
-1.23976
0.590299
1.2759
1.68797
-0.10728
-1.08985
0.229614
2.57019
1.17394
-0.762983
-2.54386
-0.139613
0.636917
0.992841
1.52275
2.72219
0.182145
-2.20947
1.49087
-2.65195
3.10969
-2.64723
0.214673
-0.0820748
-0.587733
1.39512
1.4291
1.75163
-1.01898
2.61122
1.36213
2.23036
1.2669
-0.26857
2.42187
4.08429
0.820178
-0.811007
-1.50093
-0.180907
-0.388137
0.473069
-1.70734
2.89053
2.08059
-0.265011
0.0493573
2.17465
-0.157399
0.230448
0.113849
-1.30826
-0.894893
0.705039
2.01027
1.72786
1.20523
0.526645
1.2143
-0.668814
1.27892
3.73013
0.886338
0.380273
-2.28299
-2.68107
4.09988
-2.77562
1.30403
0.912229
-0.069239
-2.24766
0.344576
-5.41408
1.79606
0.0970216
0.28577
0.210578
0.856087
-1.19046
3.41423
0.55523
1.02471
2.42993
1.08722
2.30829
-2.11689
3.84121
-0.447754
1.70326
3.61052
0.876828
1.29007
1.50438
1.06016
0.133407
2.69805
1.08656
-1.26614
-0.718438
-0.575754
1.76731
1.7472
3.18025
2.61482
3.64031
0.988622
-2.62555
4.09232
1.61431
3.56947
1.64343
0.907584
1.27972
0.377073
3.87975
-0.767836
-0.280685
2.40273
-0.435515
1.81634
2.29999
2.64386
-0.621862
0.02947
1.46431
0.124109
0.201322
3.59546
0.342544
-0.538509
0.0349939
0.873711
1.39232
2.70928
0.371404
4.85353
0.8448
-0.804019
1.76243
-1.55116
0.899404
1.15042
2.30757
-0.367755
-1.56972
2.48798
-0.300544
0.278782
1.07736
-1.47574
1.42514
-0.977147
1.44643
-1.04861
1.37462
-2.12022
-0.810421
-0.114254
3.48984
-1.5882
0.441419
0.804164
0.539953
0.148599
1.96065
2.51285
1.0114
-1.09545
1.24505
2.06424
-1.16175
-0.331835
0.481383
-1.35604
0.264627
0.354932
-2.03503
2.92046
1.38926
0.628785
2.5151
-0.215807
-0.861484
1.64545
2.09968
-0.423338
1.83944
3.61782
2.02308
0.183035
-2.09573
-2.04214
0.687585
1.05652
-0.422531
0.845849
2.56902
1.64953
3.23337
0.243058
3.00529
0.317135
-1.18184
-2.68404
1.45033
1.49146
-0.101088
-2.24054
-1.26423
2.92465
1.43525
0.690844
0.920729
-2.12365
-1.83739
0.393951
-0.149965
1.54766
-4.22157
1.36451
-2.8424
-0.430375
-1.0364
2.28322
0.201211
-1.27425
1.29846
0.919736
0.680418
-1.50413
1.64105
0.0693943
-3.31664
1.10667
2.27026
2.27116
-0.885313
-1.98366
2.50311
-1.54297
1.83673
-0.927328
-0.18015
0.831267
0.838424
-1.08482
-3.39726
-0.565872
0.0680584
-3.74762
0.117871
-0.106801
-2.56832
-0.9343
1.30443
-1.89785
-0.941245
0.315237
-1.57752
-1.7982
-1.01003
-0.380515
-1.14822
0.921418
0.542145
-0.925774
-2.81698
0.31297
-1.76254
-2.51192
1.58694
0.433735
-1.14914
-2.50548
1.43565
-1.54224
-3.24202
2.06754
-3.87967
-3.00283
0.637055
-2.75459
-0.0598151
-0.686321
-2.767
1.63622
-1.13036
0.179968
-1.34581
-1.37813
-0.892092
0.529192
-3.58258
1.34948
1.44311
-1.02383
-0.362002
-2.46485
-1.19021
-1.95876
0.950227
-4.34869
-0.574319
-0.0360895
-0.059875
-1.48449
0.971333
-0.117562
-1.27125
1.98451
-1.35513
0.0992703
0.131914
0.78712
-2.29288
-2.40682
0.849227
-1.37482
1.91162
-0.916305
0.100424
-2.90052
-2.84907
-4.90336
-0.718796
-1.15016
-1.07713
-0.0657452
0.717088
0.264924
-0.614612
-0.885409
0.68643
2.25517
0.149845
-3.59588
-1.28114
-1.29257
1.44757
-3.94306
-1.18609
1.19511
-0.692029
-3.85028
-0.628272
0.634125
-4.32444
-0.634936
0.25519
0.431975
1.20221
1.20252
-0.45546
1.56363
-2.90782
4.21881
1.58013
0.903671
-0.677238
2.02276
0.354899
1.99213
-0.417727
-0.451877
0.870236
-0.43282
0.784626
-1.32566
-1.91882
0.45864
-0.166968
1.77816
0.958502
0.146361
1.19795
0.256048
-0.880307
3.05918
-0.371631
0.77018
0.287604
-0.104652
1.85185
1.02464
0.956252
0.89982
0.430768
1.09534
0.763079
-0.0748579
-3.20034
1.23839
1.05685
-1.17334
0.206881
-2.25895
0.844973
-0.161047
1.18865
-2.85586
0.167574
-0.435662
-0.915388
1.15706
-0.592466
-2.0273
2.50796
0.806979
1.55765
-2.03508
0.960928
1.93348
0.252327
-0.40837
0.768954
2.43768
0.57212
0.436093
-0.256634
-2.35098
-1.26295
-3.21027
-1.31837
-2.75113
1.50454
-2.46695
-1.10128
1.09441
-2.37582
1.89564
0.74369
-1.07591
1.85026
-0.498492
3.3103
2.91806
2.45323
2.19903
1.581
-1.361
0.366988
-0.142832
-2.33533
-1.8966
-0.920609
1.73344
1.53545
-1.89533
-1.83414
-1.3905
1.40674
-1.393
-1.2839
0.668089
0.320192
0.205915
-0.453493
-0.229278
-1.45423
-1.83095
0.430811
-1.42469
2.24369
-0.275992
-0.7641
-0.719468
-1.17608
1.28039
1.73607
2.0237
1.11227
-1.70036
-0.465065
-0.881411
-2.24843
0.13863
-2.3587
-1.65142
1.99747
-0.0514359
-2.68517
-1.58676
-1.88049
-1.37926
-0.464316
-0.152687
0.606
1.06035
2.0404
2.20931
3.59264
1.38243
0.000845863
-1.36667
0.649347
1.03725
0.192823
-1.3152
1.43207
1.67286
0.127012
0.429985
-1.94025
-0.254623
-0.0128001
-2.36866
-3.0924
3.31792
-3.9663
-0.846412
0.0921968
0.234142
-2.03821
-1.13019
-0.125513
1.39759
1.54107
-0.612651
3.16364
2.54736
2.02155
-0.335436
-0.419969
-1.34552
0.63315
0.317835
-1.09857
-0.669025
-1.82801
-0.280566
1.06827
-2.93948
-3.46715
-1.85951
-1.46764
-1.29853
0.295582
0.86849
-0.35214
0.957245
2.03831
2.46513
0.474836
-1.00818
0.924653
2.81599
1.666
4.62632
-0.940317
-0.168522
1.41472
-4.59568
-0.427707
-1.76036
-1.70579
-0.921814
1.60058
-0.367236
1.03549
2.66351
1.3861
-1.41648
-0.154691
-1.4541
-0.464314
1.83593
-0.525212
0.831093
-0.684002
-0.342292
-0.458183
1.59209
-3.08763
-0.311347
-2.93264
0.931801
-3.71552
1.75318
2.09666
-0.871004
-0.622432
-0.578253
-2.84021
-2.90703
2.15821
0.718807
1.4047
-2.45172
-0.604632
1.34314
-1.64384
0.114989
-0.105599
1.84224
-4.35464
-1.11009
-0.523865
-2.37917
2.35582
-0.868687
-0.707004
-2.27185
-0.283567
-0.819427
0.0884407
-0.426014
-0.337421
-0.411625
-0.0685134
1.84562
-1.93444
-1.27482
1.62818
-3.20973
-0.342091
-1.85459
0.146049
-1.23191
1.0743
-2.2655
-1.95141
-2.28734
-0.363629
0.643654
-0.236717
-0.0427375
0.559335
-1.44623
-2.57219
-1.86832
-1.18948
0.185445
-0.464961
3.16535
-2.65798
-1.80868
-0.894159
1.24571
-0.658896
1.90177
-0.68917
1.12695
-2.21388
-0.0390301
-1.30866
1.24079
2.16417
-0.367827
1.8571
0.952924
-0.573746
0.340115
2.49016
3.54374
-1.46813
2.74804
0.276717
0.866137
-1.643
2.92986
0.669618
-1.36104
0.541128
0.782965
-1.46507
-2.93877
-1.5925
2.43729
2.89544
2.99468
0.780865
1.17441
1.35781
-0.537484
3.38265
-1.83404
1.28372
1.59905
0.512192
-0.278883
-0.529995
0.252659
2.07409
0.458552
-0.444557
-0.187905
-2.03348
-0.456176
0.876322
1.95796
1.86912
1.51448
0.238623
-0.480764
1.73588
0.901976
1.81219
0.833596
-4.82248
0.399916
2.55561
-0.509955
-0.611952
-3.21566
-0.558905
1.44927
1.74156
-1.08215
-0.794814
1.27802
1.19986
-0.485215
2.94772
0.334977
1.50933
1.64692
0.217498
-0.611191
-0.931645
0.257034
2.98961
2.08566
-3.36509
1.57831
-1.30157
1.04976
2.29812
1.5927
3.15683
1.05689
1.14612
3.33851
-1.31077
1.51561
0.859406
3.09302
1.40192
1.77745
-0.0345646
4.14266
1.99227
0.0615594
-2.12947
0.194504
-0.973122
2.44089
1.46735
-3.19433
1.11428
1.97459
0.203807
3.2468
-2.50175
-1.92388
-1.87953
-0.241899
-0.627912
2.08584
0.0154454
-0.671369
0.799083
-0.273747
0.309614
2.68773
-2.99405
-0.0936101
-0.738472
-0.956833
0.395538
1.86075
-0.400666
-1.37687
0.579878
-0.366092
0.393803
-0.0522197
-1.00029
-1.6621
1.17085
-0.684733
0.750662
2.079
0.544823
-2.77606
-1.02739
-0.382678
0.880211
2.11011
0.253039
-1.59641
-2.02695
-0.951907
-1.79785
-0.392978
3.52211
-1.65875
0.189572
1.31558
-0.422995
-2.37735
1.0331
-0.0070999
3.6556
0.852725
2.71101
0.868435
0.877136
0.146297
0.713031
0.969923
-0.536173
-1.78999
0.312985
1.73825
2.16601
-1.05684
-0.857986
2.7051
2.14346
0.135315
1.7956
-1.19928
0.604259
-0.935047
3.74099
-0.420146
-1.2287
1.0837
1.0176
0.279332
1.33155
1.66791
2.85312
4.25829
0.15376
0.943265
0.245658
0.568071
-2.93337
-1.61358
-0.415414
3.41061
0.201341
-0.349971
-0.266914
0.235155
-0.169484
0.89718
0.453666
0.772048
-1.41726
-0.552962
1.13438
0.0662533
1.45061
-0.0482604
0.987284
-1.56746
-0.893557
-1.18087
-0.483813
-1.90763
-5.12193
-0.114183
-1.1988
-2.39447
1.60125
0.371821
1.15533
0.588587
-1.13116
3.49053
-2.27942
-0.484838
-1.7297
-1.39501
1.70009
-1.44736
0.927239
-0.924003
-0.0635831
-3.1685
1.21
-3.96988
-2.47988
0.815342
-0.647544
-1.52556
-0.810088
0.839334
1.02892
-0.983778
-0.708863
-0.973038
0.936277
0.16498
0.48038
0.591131
-0.988815
-0.650527
-2.04199
0.963264
-2.19914
0.107152
-0.962521
-1.24219
0.00550352
-0.205918
0.199567
-2.25396
-1.92868
-1.62807
-0.651702
-0.102195
-0.692168
-1.03432
-2.61126
-0.915871
-1.46574
-2.14431
-1.56856
-2.63764
1.27828
-2.27536
1.27829
-2.393
-0.260648
-1.15022
-1.49403
-1.29447
0.295486
-1.98881
-2.1458
-1.51057
-0.181058
0.593662
0.734661
-1.18536
-3.01929
-2.6555
-0.742723
-0.584804
-0.91836
-0.930721
-0.563769
0.798932
-1.77926
-3.57875
-0.604297
1.71139
0.55488
-1.32575
-1.53857
0.323963
-3.02103
1.14221
-1.28753
0.0179541
-0.748818
-1.33016
-0.975557
-3.00983
-3.41655
-2.25288
-4.591
-5.00707
-1.48091
-1.35955
0.517031
-3.14693
0.397641
0.140172
-0.106864
-0.249429
-1.09028
-0.674824
-1.76359
-1.22206
1.3144
0.357704
-0.0865297
3.85319
-1.84647
0.760165
0.436795
-1.7465
-0.741329
-0.905683
-1.71196
-4.40339
-2.71994
-1.7301
-0.779485
0.338436
0.0105222
-2.42326
-1.95824
-1.09321
0.728013
0.874365
0.806454
-0.413334
0.220346
0.335856
-2.75466
-0.129459
1.40376
1.76112
1.39653
-1.33602
0.112516
-0.957228
-0.904352
1.90707
-1.36299
-2.36222
-1.03037
-0.825484
0.0132238
-1.18385
-0.874051
-0.69027
1.57453
1.40302
0.562363
